# Energie (MeV)	µ/rho (cm²/g)	µen/rho (cm²/g)
1.000000e-03	1.099983e+04	1.098581e+04
1.051025e-03	1.099983e+04	1.098581e+04
1.104654e-03	1.099983e+04	1.098581e+04
1.161020e-03	1.099983e+04	1.098581e+04
1.220261e-03	1.099983e+04	1.098581e+04
1.282526e-03	1.099983e+04	1.098581e+04
1.347967e-03	1.099983e+04	1.098581e+04
1.416748e-03	1.099983e+04	1.098581e+04
1.489038e-03	1.099983e+04	1.098581e+04
1.565017e-03	1.099983e+04	1.098581e+04
1.644872e-03	1.099983e+04	1.098581e+04
1.728802e-03	1.099983e+04	1.098581e+04
1.817015e-03	1.099983e+04	1.098581e+04
1.909729e-03	1.099983e+04	1.098581e+04
2.007174e-03	1.099983e+04	1.098581e+04
2.109591e-03	1.099983e+04	1.098581e+04
2.217234e-03	1.099983e+04	1.098581e+04
2.330369e-03	1.099983e+04	1.098581e+04
2.449277e-03	1.099983e+04	1.098581e+04
2.574252e-03	1.099983e+04	1.098581e+04
2.705605e-03	1.099983e+04	1.098581e+04
2.843659e-03	1.099983e+04	1.098581e+04
2.988758e-03	1.099983e+04	1.098581e+04
3.141261e-03	1.099983e+04	1.098581e+04
3.301545e-03	1.099983e+04	1.098581e+04
3.470007e-03	1.099983e+04	1.098581e+04
3.647066e-03	1.099983e+04	1.098581e+04
3.833159e-03	1.099983e+04	1.098581e+04
4.028748e-03	1.099983e+04	1.098581e+04
4.234316e-03	1.099983e+04	1.098581e+04
4.450374e-03	1.099983e+04	1.098581e+04
4.677456e-03	1.099983e+04	1.098581e+04
4.916125e-03	1.099983e+04	1.098581e+04
5.166972e-03	1.099983e+04	1.098581e+04
5.430619e-03	1.099983e+04	1.098581e+04
5.707719e-03	1.099983e+04	1.098581e+04
5.998957e-03	1.099983e+04	1.098581e+04
6.305057e-03	1.099983e+04	1.098581e+04
6.626775e-03	1.099983e+04	1.098581e+04
6.964909e-03	1.099983e+04	1.098581e+04
7.320296e-03	1.099983e+04	1.098581e+04
7.693817e-03	1.099983e+04	1.098581e+04
8.086397e-03	1.099983e+04	1.098581e+04
8.499009e-03	1.099983e+04	1.098581e+04
8.932674e-03	1.099983e+04	1.098581e+04
9.388468e-03	1.099983e+04	1.098581e+04
9.867518e-03	1.099983e+04	1.098581e+04
1.037101e-02	1.099983e+04	1.098581e+04
1.090020e-02	1.099983e+04	1.098581e+04
1.145638e-02	1.099983e+04	1.098581e+04
1.204095e-02	1.099983e+04	1.098581e+04
1.265535e-02	1.099983e+04	1.098581e+04
1.330109e-02	1.099983e+04	1.098581e+04
1.397978e-02	1.099983e+04	1.098581e+04
1.469311e-02	1.099983e+04	1.098581e+04
1.544283e-02	1.099983e+04	1.098581e+04
1.623081e-02	1.099983e+04	1.098581e+04
1.705899e-02	1.099983e+04	1.098581e+04
1.792943e-02	1.099983e+04	1.098581e+04
1.884429e-02	1.099983e+04	1.098581e+04
1.980583e-02	1.099983e+04	1.098581e+04
2.081643e-02	1.099983e+04	1.098581e+04
2.187859e-02	1.099983e+04	1.098581e+04
2.299496e-02	1.099983e+04	1.098581e+04
2.416828e-02	1.099983e+04	1.098581e+04
2.540148e-02	1.099983e+04	1.098581e+04
2.669760e-02	1.099983e+04	1.098581e+04
2.805986e-02	1.099983e+04	1.098581e+04
2.949162e-02	1.099983e+04	1.098581e+04
3.099645e-02	1.099983e+04	1.098581e+04
3.257805e-02	1.099983e+04	1.098581e+04
3.424036e-02	1.099983e+04	1.098581e+04
3.598749e-02	1.099983e+04	1.098581e+04
3.782377e-02	1.099983e+04	1.098581e+04
3.975374e-02	1.099983e+04	1.098581e+04
4.178219e-02	1.099983e+04	1.098581e+04
4.391414e-02	1.099983e+04	1.098581e+04
4.615488e-02	1.099983e+04	1.098581e+04
4.850995e-02	1.099983e+04	1.098581e+04
5.098519e-02	1.099983e+04	1.098581e+04
5.358673e-02	1.099983e+04	1.098581e+04
5.632102e-02	1.099983e+04	1.098581e+04
5.919482e-02	1.099983e+04	1.098581e+04
6.221526e-02	1.099983e+04	1.098581e+04
6.538982e-02	1.099983e+04	1.098581e+04
6.872636e-02	1.099983e+04	1.098581e+04
7.223315e-02	1.099983e+04	1.098581e+04
7.591888e-02	1.099983e+04	1.098581e+04
7.979267e-02	1.099983e+04	1.098581e+04
8.386413e-02	1.099983e+04	1.098581e+04
8.814333e-02	1.099983e+04	1.098581e+04
9.264088e-02	1.099983e+04	1.098581e+04
9.736792e-02	1.099983e+04	1.098581e+04
1.023362e-01	1.011811e+04	1.010408e+04
1.075579e-01	8.451115e+03	8.437091e+03
1.130461e-01	7.059147e+03	7.045124e+03
1.188143e-01	5.896828e+03	5.882806e+03
1.248769e-01	4.926270e+03	4.912250e+03
1.312487e-01	4.115426e+03	4.101408e+03
1.379458e-01	3.438418e+03	3.424401e+03
1.449845e-01	2.873161e+03	2.859146e+03
1.523824e-01	2.435071e+03	2.421058e+03
1.601578e-01	2.127412e+03	2.113402e+03
1.683299e-01	2.859138e+03	2.845131e+03
1.769190e-01	2.524361e+03	2.510358e+03
1.859464e-01	2.314967e+03	2.300967e+03
1.954344e-01	2.123040e+03	2.109042e+03
2.054065e-01	1.996493e+03	1.982500e+03
2.158874e-01	2.242497e+03	2.228509e+03
2.269032e-01	2.155034e+03	2.141052e+03
2.384810e-01	2.071004e+03	2.057027e+03
2.506496e-01	1.990409e+03	1.976437e+03
2.634391e-01	1.915372e+03	1.901406e+03
2.768812e-01	2.443059e+03	2.429099e+03
2.910091e-01	2.350835e+03	2.336880e+03
3.058580e-01	2.426122e+03	2.412175e+03
3.214645e-01	3.168256e+03	3.154321e+03
3.378674e-01	3.651299e+03	3.637375e+03
3.551072e-01	4.362923e+03	4.349010e+03
3.732267e-01	5.692806e+03	5.678905e+03
3.922708e-01	7.429362e+03	7.415472e+03
4.122865e-01	8.596430e+03	8.582555e+03
4.333236e-01	9.203833e+03	9.189976e+03
4.554341e-01	9.854091e+03	9.840251e+03
4.786728e-01	1.054991e+04	1.053608e+04
5.030973e-01	1.115001e+04	1.113620e+04
5.287681e-01	1.075731e+04	1.074353e+04
5.557487e-01	1.037873e+04	1.036497e+04
5.841060e-01	1.001450e+04	1.000077e+04
6.139102e-01	9.561783e+03	9.548084e+03
6.452353e-01	9.174008e+03	9.160346e+03
6.781586e-01	9.583411e+03	9.569786e+03
7.127620e-01	9.506327e+03	9.492738e+03
7.491309e-01	8.870759e+03	8.857207e+03
7.873557e-01	8.277740e+03	8.264225e+03
8.275308e-01	7.674367e+03	7.660900e+03
8.697559e-01	7.093299e+03	7.079886e+03
9.141356e-01	6.941630e+03	6.928270e+03
9.607797e-01	7.042280e+03	7.028972e+03
1.009804e+00	6.355675e+03	6.342424e+03
1.061330e+00	5.804782e+03	5.791600e+03
1.115484e+00	5.365047e+03	5.351934e+03
1.172402e+00	4.883571e+03	4.870530e+03
1.232225e+00	4.444577e+03	4.431610e+03
1.295099e+00	4.119653e+03	4.106763e+03
1.361182e+00	3.733643e+03	3.720833e+03
1.430637e+00	3.383895e+03	3.371171e+03
1.503636e+00	3.066230e+03	3.053598e+03
1.580360e+00	2.764869e+03	2.752334e+03
1.660998e+00	2.493224e+03	2.480793e+03
1.745751e+00	2.248363e+03	2.236041e+03
1.834829e+00	2.027643e+03	2.015437e+03
1.928452e+00	1.828681e+03	1.816596e+03
2.026852e+00	1.646659e+03	1.634701e+03
2.130273e+00	1.476298e+03	1.464472e+03
2.238971e+00	1.323658e+03	1.311970e+03
2.353216e+00	1.186892e+03	1.175348e+03
2.473289e+00	1.064348e+03	1.052954e+03
2.599490e+00	9.545433e+02	9.433047e+02
2.732130e+00	8.561509e+02	8.450739e+02
2.871538e+00	7.679818e+02	7.570724e+02
3.018059e+00	6.886982e+02	6.779624e+02
3.172057e+00	6.158981e+02	6.053419e+02
3.333913e+00	1.357052e+03	1.346681e+03
3.504027e+00	1.712988e+03	1.702808e+03
3.682821e+00	1.508958e+03	1.498975e+03
3.870739e+00	1.329387e+03	1.319605e+03
4.068245e+00	1.366866e+03	1.357292e+03
4.275829e+00	1.206456e+03	1.197093e+03
4.494005e+00	1.064950e+03	1.055802e+03
4.723313e+00	9.982927e+02	9.893641e+02
4.964322e+00	8.839698e+02	8.752634e+02
5.217629e+00	8.172874e+02	8.088058e+02
5.483860e+00	7.245396e+02	7.162852e+02
5.763676e+00	6.423730e+02	6.343482e+02
6.057770e+00	5.693459e+02	5.615531e+02
6.366871e+00	5.038141e+02	4.962554e+02
6.691743e+00	4.458735e+02	4.385506e+02
7.033192e+00	3.946418e+02	3.875557e+02
7.392063e+00	3.493390e+02	3.424905e+02
7.769246e+00	3.092763e+02	3.026655e+02
8.165675e+00	2.735718e+02	2.671984e+02
8.582332e+00	2.416806e+02	2.355437e+02
9.020249e+00	2.135409e+02	2.076391e+02
9.480511e+00	1.887092e+02	1.830403e+02
9.964258e+00	1.667942e+02	1.613557e+02
1.047269e+01	1.471887e+02	1.419775e+02
1.100706e+01	1.298961e+02	1.249086e+02
1.156870e+01	1.146592e+02	1.098918e+02
1.215900e+01	1.012317e+02	9.668034e+01
1.277942e+01	8.939675e+01	8.505720e+01
1.343149e+01	7.896375e+01	7.483142e+01
1.411684e+01	6.976490e+01	6.583500e+01
1.483716e+01	6.165264e+01	5.792016e+01
1.559423e+01	5.445936e+01	5.091909e+01
1.638993e+01	1.113869e+02	1.080332e+02
1.722623e+01	9.753592e+01	9.436303e+01
1.810521e+01	8.541738e+01	8.241906e+01
1.902904e+01	7.481625e+01	7.198609e+01
2.000000e+01	1.061471e+02	1.034786e+02
