# Energie (MeV)	µ/rho (cm²/g)	µen/rho (cm²/g)
1.000000e-03	5.049965e+03	5.041758e+03
1.051025e-03	5.049965e+03	5.041758e+03
1.104654e-03	5.049965e+03	5.041758e+03
1.161020e-03	5.049965e+03	5.041758e+03
1.220261e-03	5.049965e+03	5.041758e+03
1.282526e-03	5.049965e+03	5.041758e+03
1.347967e-03	5.049965e+03	5.041758e+03
1.416748e-03	5.049965e+03	5.041758e+03
1.489038e-03	5.049965e+03	5.041758e+03
1.565017e-03	5.049965e+03	5.041758e+03
1.644872e-03	5.049965e+03	5.041758e+03
1.728802e-03	5.049965e+03	5.041758e+03
1.817015e-03	5.049965e+03	5.041758e+03
1.909729e-03	5.049965e+03	5.041758e+03
2.007174e-03	5.049965e+03	5.041758e+03
2.109591e-03	5.049965e+03	5.041758e+03
2.217234e-03	5.049965e+03	5.041758e+03
2.330369e-03	5.049965e+03	5.041758e+03
2.449277e-03	5.049965e+03	5.041758e+03
2.574252e-03	5.049965e+03	5.041758e+03
2.705605e-03	5.049965e+03	5.041758e+03
2.843659e-03	5.049965e+03	5.041758e+03
2.988758e-03	5.049965e+03	5.041758e+03
3.141261e-03	5.049965e+03	5.041758e+03
3.301545e-03	5.049965e+03	5.041758e+03
3.470007e-03	5.049965e+03	5.041758e+03
3.647066e-03	5.049965e+03	5.041758e+03
3.833159e-03	5.049965e+03	5.041758e+03
4.028748e-03	5.049965e+03	5.041758e+03
4.234316e-03	5.049965e+03	5.041758e+03
4.450374e-03	5.049965e+03	5.041758e+03
4.677456e-03	5.049965e+03	5.041758e+03
4.916125e-03	5.049965e+03	5.041758e+03
5.166972e-03	5.049965e+03	5.041758e+03
5.430619e-03	5.049965e+03	5.041758e+03
5.707719e-03	5.049965e+03	5.041758e+03
5.998957e-03	5.049965e+03	5.041758e+03
6.305057e-03	5.049965e+03	5.041758e+03
6.626775e-03	5.049965e+03	5.041758e+03
6.964909e-03	5.049965e+03	5.041758e+03
7.320296e-03	5.049965e+03	5.041758e+03
7.693817e-03	5.049965e+03	5.041758e+03
8.086397e-03	5.049965e+03	5.041758e+03
8.499009e-03	5.049965e+03	5.041758e+03
8.932674e-03	5.049965e+03	5.041758e+03
9.388468e-03	5.049965e+03	5.041758e+03
9.867518e-03	5.049965e+03	5.041758e+03
1.037101e-02	5.049965e+03	5.041758e+03
1.090020e-02	5.049965e+03	5.041758e+03
1.145638e-02	5.049965e+03	5.041758e+03
1.204095e-02	5.049965e+03	5.041758e+03
1.265535e-02	5.049965e+03	5.041758e+03
1.330109e-02	5.049965e+03	5.041758e+03
1.397978e-02	5.049965e+03	5.041758e+03
1.469311e-02	5.049965e+03	5.041758e+03
1.544283e-02	5.049965e+03	5.041758e+03
1.623081e-02	5.049965e+03	5.041758e+03
1.705899e-02	5.049965e+03	5.041758e+03
1.792943e-02	5.049965e+03	5.041758e+03
1.884429e-02	5.049965e+03	5.041758e+03
1.980583e-02	5.049965e+03	5.041758e+03
2.081643e-02	5.049965e+03	5.041758e+03
2.187859e-02	5.049965e+03	5.041758e+03
2.299496e-02	5.049965e+03	5.041758e+03
2.416828e-02	5.049965e+03	5.041758e+03
2.540148e-02	5.049965e+03	5.041758e+03
2.669760e-02	5.049965e+03	5.041758e+03
2.805986e-02	5.049965e+03	5.041758e+03
2.949162e-02	5.049965e+03	5.041758e+03
3.099645e-02	5.049965e+03	5.041758e+03
3.257805e-02	5.049965e+03	5.041758e+03
3.424036e-02	5.049965e+03	5.041758e+03
3.598749e-02	5.049965e+03	5.041758e+03
3.782377e-02	5.049965e+03	5.041758e+03
3.975374e-02	5.049965e+03	5.041758e+03
4.178219e-02	5.049965e+03	5.041758e+03
4.391414e-02	5.049965e+03	5.041758e+03
4.615488e-02	5.049965e+03	5.041758e+03
4.850995e-02	5.049965e+03	5.041758e+03
5.098519e-02	5.049965e+03	5.041758e+03
5.358673e-02	5.049965e+03	5.041758e+03
5.632102e-02	5.049965e+03	5.041758e+03
5.919482e-02	5.049965e+03	5.041758e+03
6.221526e-02	5.049965e+03	5.041758e+03
6.538982e-02	5.049965e+03	5.041758e+03
6.872636e-02	5.049965e+03	5.041758e+03
7.223315e-02	5.049965e+03	5.041758e+03
7.591888e-02	5.049965e+03	5.041758e+03
7.979267e-02	5.049965e+03	5.041758e+03
8.386413e-02	5.049965e+03	5.041758e+03
8.814333e-02	5.049965e+03	5.041758e+03
9.264088e-02	5.049965e+03	5.041758e+03
9.736792e-02	5.049965e+03	5.041758e+03
1.023362e-01	5.066610e+03	5.058403e+03
1.075579e-01	5.102669e+03	5.094463e+03
1.130461e-01	5.138984e+03	5.130780e+03
1.188143e-01	5.175559e+03	5.167356e+03
1.248769e-01	5.212394e+03	5.204193e+03
1.312487e-01	5.248491e+03	5.240289e+03
1.379458e-01	5.284817e+03	5.276616e+03
1.449845e-01	5.321396e+03	5.313194e+03
1.523824e-01	5.367394e+03	5.359193e+03
1.601578e-01	5.433807e+03	5.425608e+03
1.683299e-01	5.501043e+03	5.492845e+03
1.769190e-01	5.569231e+03	5.561035e+03
1.859464e-01	5.638700e+03	5.630503e+03
1.954344e-01	5.709035e+03	5.700839e+03
2.054065e-01	5.657146e+03	5.648952e+03
2.158874e-01	5.502201e+03	5.494010e+03
2.269032e-01	5.351506e+03	5.343319e+03
2.384810e-01	5.204944e+03	5.196761e+03
2.506496e-01	5.062417e+03	5.054238e+03
2.634391e-01	4.924066e+03	4.915888e+03
2.768812e-01	4.789501e+03	4.781325e+03
2.910091e-01	4.658620e+03	4.650445e+03
3.058580e-01	4.487191e+03	4.479019e+03
3.214645e-01	4.256056e+03	4.247890e+03
3.378674e-01	4.036848e+03	4.028687e+03
3.551072e-01	4.302622e+03	4.294466e+03
3.732267e-01	6.697093e+03	6.688941e+03
3.922708e-01	1.005459e+04	1.004644e+04
4.122865e-01	1.226601e+04	1.225787e+04
4.333236e-01	1.358958e+04	1.358145e+04
4.554341e-01	1.505605e+04	1.504793e+04
4.786728e-01	1.668081e+04	1.667269e+04
5.030973e-01	1.804698e+04	1.803887e+04
5.287681e-01	1.650888e+04	1.650079e+04
5.557487e-01	1.525777e+04	1.524969e+04
5.841060e-01	1.535058e+04	1.534251e+04
6.139102e-01	1.529043e+04	1.528238e+04
6.452353e-01	1.399987e+04	1.399183e+04
6.781586e-01	1.281824e+04	1.281022e+04
7.127620e-01	1.169783e+04	1.168983e+04
7.491309e-01	1.124864e+04	1.124065e+04
7.873557e-01	1.020653e+04	1.019856e+04
8.275308e-01	9.229666e+03	9.221722e+03
8.697559e-01	8.333043e+03	8.325130e+03
9.141356e-01	7.655446e+03	7.647561e+03
9.607797e-01	7.306034e+03	7.298175e+03
1.009804e+00	6.881808e+03	6.873977e+03
1.061330e+00	6.142899e+03	6.135108e+03
1.115484e+00	5.483409e+03	5.475659e+03
1.172402e+00	4.894801e+03	4.887092e+03
1.232225e+00	4.369454e+03	4.361789e+03
1.295099e+00	3.900569e+03	3.892949e+03
1.361182e+00	3.482075e+03	3.474504e+03
1.430637e+00	3.108554e+03	3.101037e+03
1.503636e+00	2.774371e+03	2.766912e+03
1.580360e+00	2.462245e+03	2.454848e+03
1.660998e+00	2.185309e+03	2.177980e+03
1.745751e+00	1.939594e+03	1.932338e+03
1.834829e+00	1.721579e+03	1.714401e+03
1.928452e+00	1.528139e+03	1.521044e+03
2.026852e+00	1.354943e+03	1.347936e+03
2.130273e+00	1.197681e+03	1.190767e+03
2.238971e+00	1.058739e+03	1.051924e+03
2.353216e+00	9.359818e+02	9.292697e+02
2.473289e+00	8.275206e+02	8.209171e+02
2.599490e+00	7.316882e+02	7.251984e+02
2.732130e+00	6.470116e+02	6.406404e+02
2.871538e+00	5.721896e+02	5.659419e+02
3.018059e+00	5.059062e+02	4.997869e+02
3.172057e+00	4.462814e+02	4.402951e+02
3.333913e+00	3.937338e+02	3.878849e+02
3.504027e+00	1.141460e+03	1.135753e+03
3.682821e+00	1.388566e+03	1.383003e+03
3.870739e+00	1.410287e+03	1.404873e+03
4.068245e+00	1.249873e+03	1.244610e+03
4.275829e+00	1.100855e+03	1.095747e+03
4.494005e+00	9.696402e+02	9.646883e+02
4.723313e+00	8.540997e+02	8.493052e+02
4.964322e+00	7.523591e+02	7.477227e+02
5.217629e+00	6.616437e+02	6.571655e+02
5.483860e+00	5.817304e+02	5.774099e+02
5.763676e+00	5.114976e+02	5.073336e+02
6.057770e+00	4.495561e+02	4.455469e+02
6.366871e+00	3.943508e+02	3.904941e+02
6.691743e+00	3.459507e+02	3.422438e+02
7.033192e+00	3.035154e+02	2.999554e+02
7.392063e+00	2.663088e+02	2.628923e+02
7.769246e+00	2.336855e+02	2.304087e+02
8.165675e+00	2.048582e+02	2.017174e+02
8.582332e+00	1.793310e+02	1.763223e+02
9.020249e+00	1.570048e+02	1.541242e+02
9.480511e+00	1.374770e+02	1.347208e+02
9.964258e+00	1.203957e+02	1.177602e+02
1.047269e+01	1.052269e+02	1.027085e+02
1.100706e+01	9.196993e+01	8.956541e+01
1.156870e+01	8.039792e+01	7.810418e+01
1.215900e+01	7.029542e+01	6.810958e+01
1.277942e+01	6.147458e+01	5.939394e+01
1.343149e+01	5.377163e+01	5.179360e+01
1.411684e+01	4.704377e+01	4.516583e+01
1.483716e+01	4.116650e+01	3.938619e+01
1.559423e+01	3.597220e+01	3.428703e+01
1.638993e+01	3.142638e+01	2.983360e+01
1.722623e+01	2.746211e+01	2.595860e+01
1.810521e+01	2.400453e+01	2.258692e+01
1.902904e+01	2.098849e+01	1.965318e+01
2.000000e+01	1.835725e+01	1.710049e+01
