# Energie (MeV)	µ/rho (cm²/g)	µen/rho (cm²/g)
1.000000e-03	4.912476e+04	4.911894e+04
1.051025e-03	4.912476e+04	4.911894e+04
1.104654e-03	4.912476e+04	4.911894e+04
1.161020e-03	4.912476e+04	4.911894e+04
1.220261e-03	4.912476e+04	4.911894e+04
1.282526e-03	4.912476e+04	4.911894e+04
1.347967e-03	4.912476e+04	4.911894e+04
1.416748e-03	4.912476e+04	4.911894e+04
1.489038e-03	4.912476e+04	4.911894e+04
1.565017e-03	4.912476e+04	4.911894e+04
1.644872e-03	4.912476e+04	4.911894e+04
1.728802e-03	4.912476e+04	4.911894e+04
1.817015e-03	4.912476e+04	4.911894e+04
1.909729e-03	4.912476e+04	4.911894e+04
2.007174e-03	4.912476e+04	4.911894e+04
2.109591e-03	4.912476e+04	4.911894e+04
2.217234e-03	4.912476e+04	4.911894e+04
2.330369e-03	4.912476e+04	4.911894e+04
2.449277e-03	4.912476e+04	4.911894e+04
2.574252e-03	4.912476e+04	4.911894e+04
2.705605e-03	4.912476e+04	4.911894e+04
2.843659e-03	4.912476e+04	4.911894e+04
2.988758e-03	4.912476e+04	4.911894e+04
3.141261e-03	4.912476e+04	4.911894e+04
3.301545e-03	4.912476e+04	4.911894e+04
3.470007e-03	4.912476e+04	4.911894e+04
3.647066e-03	4.912476e+04	4.911894e+04
3.833159e-03	4.912476e+04	4.911894e+04
4.028748e-03	4.912476e+04	4.911894e+04
4.234316e-03	4.912476e+04	4.911894e+04
4.450374e-03	4.912476e+04	4.911894e+04
4.677456e-03	4.912476e+04	4.911894e+04
4.916125e-03	4.912476e+04	4.911894e+04
5.166972e-03	4.912476e+04	4.911894e+04
5.430619e-03	4.912476e+04	4.911894e+04
5.707719e-03	4.912476e+04	4.911894e+04
5.998957e-03	4.912476e+04	4.911894e+04
6.305057e-03	4.912476e+04	4.911894e+04
6.626775e-03	4.912476e+04	4.911894e+04
6.964909e-03	4.912476e+04	4.911894e+04
7.320296e-03	4.912476e+04	4.911894e+04
7.693817e-03	4.912476e+04	4.911894e+04
8.086397e-03	4.912476e+04	4.911894e+04
8.499009e-03	4.912476e+04	4.911894e+04
8.932674e-03	4.912476e+04	4.911894e+04
9.388468e-03	4.912476e+04	4.911894e+04
9.867518e-03	4.912476e+04	4.911894e+04
1.037101e-02	4.912476e+04	4.911894e+04
1.090020e-02	4.912476e+04	4.911894e+04
1.145638e-02	4.912476e+04	4.911894e+04
1.204095e-02	4.912476e+04	4.911894e+04
1.265535e-02	4.912476e+04	4.911894e+04
1.330109e-02	4.912476e+04	4.911894e+04
1.397978e-02	4.912476e+04	4.911894e+04
1.469311e-02	4.912476e+04	4.911894e+04
1.544283e-02	4.912476e+04	4.911894e+04
1.623081e-02	4.912476e+04	4.911894e+04
1.705899e-02	4.912476e+04	4.911894e+04
1.792943e-02	4.912476e+04	4.911894e+04
1.884429e-02	4.912476e+04	4.911894e+04
1.980583e-02	4.912476e+04	4.911894e+04
2.081643e-02	4.912476e+04	4.911894e+04
2.187859e-02	4.912476e+04	4.911894e+04
2.299496e-02	4.912476e+04	4.911894e+04
2.416828e-02	4.912476e+04	4.911894e+04
2.540148e-02	4.912476e+04	4.911894e+04
2.669760e-02	4.912476e+04	4.911894e+04
2.805986e-02	4.912476e+04	4.911894e+04
2.949162e-02	4.912476e+04	4.911894e+04
3.099645e-02	4.912476e+04	4.911894e+04
3.257805e-02	4.912476e+04	4.911894e+04
3.424036e-02	4.912476e+04	4.911894e+04
3.598749e-02	4.912476e+04	4.911894e+04
3.782377e-02	4.912476e+04	4.911894e+04
3.975374e-02	4.912476e+04	4.911894e+04
4.178219e-02	4.912476e+04	4.911894e+04
4.391414e-02	4.912476e+04	4.911894e+04
4.615488e-02	4.912476e+04	4.911894e+04
4.850995e-02	4.912476e+04	4.911894e+04
5.098519e-02	4.912476e+04	4.911894e+04
5.358673e-02	4.912476e+04	4.911894e+04
5.632102e-02	4.912476e+04	4.911894e+04
5.919482e-02	4.912476e+04	4.911894e+04
6.221526e-02	4.912476e+04	4.911894e+04
6.538982e-02	4.912476e+04	4.911894e+04
6.872636e-02	4.912476e+04	4.911894e+04
7.223315e-02	4.912476e+04	4.911894e+04
7.591888e-02	4.912476e+04	4.911894e+04
7.979267e-02	4.912476e+04	4.911894e+04
8.386413e-02	4.912476e+04	4.911894e+04
8.814333e-02	4.912476e+04	4.911894e+04
9.264088e-02	4.912476e+04	4.911894e+04
9.736792e-02	4.912476e+04	4.911894e+04
1.023362e-01	4.897605e+04	4.897022e+04
1.075579e-01	4.865708e+04	4.865126e+04
1.130461e-01	4.834020e+04	4.833438e+04
1.188143e-01	4.802538e+04	4.801956e+04
1.248769e-01	4.771261e+04	4.770679e+04
1.312487e-01	4.728065e+04	4.727483e+04
1.379458e-01	4.685019e+04	4.684437e+04
1.449845e-01	4.613201e+04	4.612619e+04
1.523824e-01	4.795155e+04	4.794573e+04
1.601578e-01	4.598241e+04	4.597659e+04
1.683299e-01	4.409415e+04	4.408833e+04
1.769190e-01	4.228351e+04	4.227770e+04
1.859464e-01	4.054752e+04	4.054171e+04
1.954344e-01	3.888281e+04	3.887700e+04
2.054065e-01	3.845425e+04	3.844844e+04
2.158874e-01	3.601758e+04	3.601177e+04
2.269032e-01	3.373534e+04	3.372953e+04
2.384810e-01	3.159774e+04	3.159193e+04
2.506496e-01	2.959124e+04	2.958544e+04
2.634391e-01	2.763816e+04	2.763236e+04
2.768812e-01	2.581401e+04	2.580821e+04
2.910091e-01	2.411028e+04	2.410448e+04
3.058580e-01	2.235175e+04	2.234595e+04
3.214645e-01	2.047990e+04	2.047411e+04
3.378674e-01	1.876485e+04	1.875907e+04
3.551072e-01	1.719413e+04	1.718834e+04
3.732267e-01	1.575638e+04	1.575060e+04
3.922708e-01	1.443890e+04	1.443312e+04
4.122865e-01	1.315297e+04	1.314720e+04
4.333236e-01	1.193564e+04	1.192988e+04
4.554341e-01	1.083085e+04	1.082510e+04
4.786728e-01	9.827849e+03	9.822101e+03
5.030973e-01	8.909593e+03	8.903852e+03
5.287681e-01	8.024981e+03	8.019249e+03
5.557487e-01	7.228175e+03	7.222453e+03
5.841060e-01	6.510269e+03	6.504557e+03
6.139102e-01	5.854094e+03	5.848394e+03
6.452353e-01	5.253988e+03	5.248304e+03
6.781586e-01	4.715726e+03	4.710056e+03
7.127620e-01	4.230250e+03	4.224595e+03
7.491309e-01	3.790946e+03	3.785306e+03
7.873557e-01	3.397321e+03	3.391696e+03
8.275308e-01	3.036355e+03	3.030751e+03
8.697559e-01	2.710329e+03	2.704748e+03
9.141356e-01	2.445732e+03	2.440175e+03
9.607797e-01	2.260072e+03	2.254538e+03
1.009804e+00	2.072595e+03	2.067086e+03
1.061330e+00	1.841892e+03	1.836417e+03
1.115484e+00	1.636930e+03	1.631488e+03
1.172402e+00	1.454915e+03	1.449508e+03
1.232225e+00	1.293312e+03	1.287941e+03
1.295099e+00	1.149716e+03	1.144382e+03
1.361182e+00	6.068441e+03	6.063147e+03
1.430637e+00	5.620895e+03	5.615645e+03
1.503636e+00	5.194229e+03	5.189025e+03
1.580360e+00	5.199920e+03	5.194767e+03
1.660998e+00	4.606634e+03	4.601535e+03
1.745751e+00	4.081090e+03	4.076048e+03
1.834829e+00	3.615553e+03	3.610571e+03
1.928452e+00	3.203169e+03	3.198251e+03
2.026852e+00	2.833964e+03	2.829112e+03
2.130273e+00	2.497954e+03	2.493172e+03
2.238971e+00	2.201833e+03	2.197123e+03
2.353216e+00	1.940863e+03	1.936228e+03
2.473289e+00	1.710870e+03	1.706313e+03
2.599490e+00	1.508176e+03	1.503698e+03
2.732130e+00	1.329539e+03	1.325143e+03
2.871538e+00	1.172101e+03	1.167790e+03
3.018059e+00	1.032706e+03	1.028481e+03
3.172057e+00	9.058170e+02	9.016810e+02
3.333913e+00	7.945594e+02	7.905139e+02
3.504027e+00	6.970056e+02	6.930525e+02
3.682821e+00	6.114660e+02	6.076069e+02
3.870739e+00	5.364592e+02	5.326959e+02
4.068245e+00	4.702829e+02	4.666168e+02
4.275829e+00	4.116161e+02	4.080487e+02
4.494005e+00	3.602991e+02	3.568318e+02
4.723313e+00	3.154093e+02	3.120436e+02
4.964322e+00	2.761397e+02	2.728770e+02
5.217629e+00	2.414477e+02	2.382892e+02
5.483860e+00	2.110892e+02	2.080361e+02
5.763676e+00	1.845705e+02	1.816239e+02
6.057770e+00	1.613499e+02	1.585106e+02
6.366871e+00	1.408715e+02	1.381404e+02
6.691743e+00	1.230105e+02	1.203879e+02
7.033192e+00	1.074310e+02	1.049168e+02
7.392063e+00	9.384002e+01	9.143391e+01
7.769246e+00	8.198246e+01	7.968370e+01
8.165675e+00	7.158872e+01	6.939625e+01
8.582332e+00	6.246586e+01	6.037821e+01
9.020249e+00	5.451690e+01	5.253206e+01
9.480511e+00	4.758998e+01	4.570552e+01
9.964258e+00	4.155301e+01	3.976609e+01
1.047269e+01	3.625593e+01	3.456339e+01
1.100706e+01	3.164062e+01	3.003902e+01
1.156870e+01	2.762123e+01	2.610689e+01
1.215900e+01	1.685839e+02	1.671530e+02
1.277942e+01	1.486272e+02	1.472757e+02
1.343149e+01	1.309657e+02	1.296896e+02
1.411684e+01	1.153014e+02	1.140967e+02
1.483716e+01	1.013844e+02	1.002471e+02
1.559423e+01	8.900830e+01	8.793442e+01
1.638993e+01	7.802743e+01	7.701322e+01
1.722623e+01	6.831819e+01	6.736014e+01
1.810521e+01	5.976029e+01	5.885510e+01
1.902904e+01	5.223858e+01	5.138314e+01
2.000000e+01	4.564441e+01	4.483579e+01
