# Energie (MeV)	µ/rho (cm²/g)	µen/rho (cm²/g)
1.000000e-03	4.641984e+03	4.628738e+03
1.051025e-03	4.641984e+03	4.628738e+03
1.104654e-03	4.641984e+03	4.628738e+03
1.161020e-03	4.641984e+03	4.628738e+03
1.220261e-03	4.641984e+03	4.628738e+03
1.282526e-03	4.641984e+03	4.628738e+03
1.347967e-03	4.641984e+03	4.628738e+03
1.416748e-03	4.641984e+03	4.628738e+03
1.489038e-03	4.641984e+03	4.628738e+03
1.565017e-03	4.641984e+03	4.628738e+03
1.644872e-03	4.641984e+03	4.628738e+03
1.728802e-03	4.641984e+03	4.628738e+03
1.817015e-03	4.641984e+03	4.628738e+03
1.909729e-03	4.641984e+03	4.628738e+03
2.007174e-03	4.641984e+03	4.628738e+03
2.109591e-03	4.641984e+03	4.628738e+03
2.217234e-03	4.641984e+03	4.628738e+03
2.330369e-03	4.641984e+03	4.628738e+03
2.449277e-03	4.641984e+03	4.628738e+03
2.574252e-03	4.641984e+03	4.628738e+03
2.705605e-03	4.641984e+03	4.628738e+03
2.843659e-03	4.641984e+03	4.628738e+03
2.988758e-03	4.641984e+03	4.628738e+03
3.141261e-03	4.641984e+03	4.628738e+03
3.301545e-03	4.641984e+03	4.628738e+03
3.470007e-03	4.641984e+03	4.628738e+03
3.647066e-03	4.641984e+03	4.628738e+03
3.833159e-03	4.641984e+03	4.628738e+03
4.028748e-03	4.641984e+03	4.628738e+03
4.234316e-03	4.641984e+03	4.628738e+03
4.450374e-03	4.641984e+03	4.628738e+03
4.677456e-03	4.641984e+03	4.628738e+03
4.916125e-03	4.641984e+03	4.628738e+03
5.166972e-03	4.641984e+03	4.628738e+03
5.430619e-03	4.641984e+03	4.628738e+03
5.707719e-03	4.641984e+03	4.628738e+03
5.998957e-03	4.641984e+03	4.628738e+03
6.305057e-03	4.641984e+03	4.628738e+03
6.626775e-03	4.641984e+03	4.628738e+03
6.964909e-03	4.641984e+03	4.628738e+03
7.320296e-03	4.641984e+03	4.628738e+03
7.693817e-03	4.641984e+03	4.628738e+03
8.086397e-03	4.641984e+03	4.628738e+03
8.499009e-03	4.641984e+03	4.628738e+03
8.932674e-03	4.641984e+03	4.628738e+03
9.388468e-03	4.641984e+03	4.628738e+03
9.867518e-03	4.641984e+03	4.628738e+03
1.037101e-02	4.641984e+03	4.628738e+03
1.090020e-02	4.641984e+03	4.628738e+03
1.145638e-02	4.641984e+03	4.628738e+03
1.204095e-02	4.641984e+03	4.628738e+03
1.265535e-02	4.641984e+03	4.628738e+03
1.330109e-02	4.641984e+03	4.628738e+03
1.397978e-02	4.641984e+03	4.628738e+03
1.469311e-02	4.641984e+03	4.628738e+03
1.544283e-02	4.641984e+03	4.628738e+03
1.623081e-02	4.641984e+03	4.628738e+03
1.705899e-02	4.641984e+03	4.628738e+03
1.792943e-02	4.641984e+03	4.628738e+03
1.884429e-02	4.641984e+03	4.628738e+03
1.980583e-02	4.641984e+03	4.628738e+03
2.081643e-02	4.641984e+03	4.628738e+03
2.187859e-02	4.641984e+03	4.628738e+03
2.299496e-02	4.641984e+03	4.628738e+03
2.416828e-02	4.641984e+03	4.628738e+03
2.540148e-02	4.641984e+03	4.628738e+03
2.669760e-02	4.641984e+03	4.628738e+03
2.805986e-02	4.641984e+03	4.628738e+03
2.949162e-02	4.641984e+03	4.628738e+03
3.099645e-02	4.641984e+03	4.628738e+03
3.257805e-02	4.641984e+03	4.628738e+03
3.424036e-02	4.641984e+03	4.628738e+03
3.598749e-02	4.641984e+03	4.628738e+03
3.782377e-02	4.641984e+03	4.628738e+03
3.975374e-02	4.641984e+03	4.628738e+03
4.178219e-02	4.641984e+03	4.628738e+03
4.391414e-02	4.641984e+03	4.628738e+03
4.615488e-02	4.641984e+03	4.628738e+03
4.850995e-02	4.641984e+03	4.628738e+03
5.098519e-02	4.641984e+03	4.628738e+03
5.358673e-02	4.641984e+03	4.628738e+03
5.632102e-02	4.641984e+03	4.628738e+03
5.919482e-02	4.641984e+03	4.628738e+03
6.221526e-02	4.641984e+03	4.628738e+03
6.538982e-02	4.641984e+03	4.628738e+03
6.872636e-02	4.641984e+03	4.628738e+03
7.223315e-02	4.641984e+03	4.628738e+03
7.591888e-02	4.641984e+03	4.628738e+03
7.979267e-02	4.641984e+03	4.628738e+03
8.386413e-02	4.641984e+03	4.628738e+03
8.814333e-02	4.641984e+03	4.628738e+03
9.264088e-02	4.641984e+03	4.628738e+03
9.736792e-02	4.641984e+03	4.628738e+03
1.023362e-01	4.331599e+03	4.318354e+03
1.075579e-01	3.731639e+03	3.718395e+03
1.130461e-01	3.215033e+03	3.201790e+03
1.188143e-01	2.770200e+03	2.756959e+03
1.248769e-01	3.397874e+03	3.384634e+03
1.312487e-01	2.900334e+03	2.887094e+03
1.379458e-01	2.475464e+03	2.462226e+03
1.449845e-01	2.113119e+03	2.099881e+03
1.523824e-01	1.860755e+03	1.847518e+03
1.601578e-01	2.815805e+03	2.802570e+03
1.683299e-01	2.650527e+03	2.637294e+03
1.769190e-01	2.507826e+03	2.494596e+03
1.859464e-01	2.523970e+03	2.510742e+03
1.954344e-01	2.599574e+03	2.586347e+03
2.054065e-01	2.867799e+03	2.854575e+03
2.158874e-01	3.357853e+03	3.344633e+03
2.269032e-01	3.932037e+03	3.918821e+03
2.384810e-01	4.604795e+03	4.591583e+03
2.506496e-01	5.393030e+03	5.379821e+03
2.634391e-01	6.316162e+03	6.302958e+03
2.768812e-01	7.397698e+03	7.384497e+03
2.910091e-01	8.664818e+03	8.651621e+03
3.058580e-01	9.625157e+03	9.611966e+03
3.214645e-01	9.836279e+03	9.823093e+03
3.378674e-01	1.005204e+04	1.003886e+04
3.551072e-01	1.027267e+04	1.025950e+04
3.732267e-01	1.049849e+04	1.048533e+04
3.922708e-01	1.072929e+04	1.071613e+04
4.122865e-01	1.071282e+04	1.069967e+04
4.333236e-01	1.053703e+04	1.052390e+04
4.554341e-01	1.040365e+04	1.039053e+04
4.786728e-01	1.053953e+04	1.052642e+04
5.030973e-01	1.031924e+04	1.030614e+04
5.287681e-01	9.782489e+03	9.769408e+03
5.557487e-01	9.273582e+03	9.260518e+03
5.841060e-01	8.790784e+03	8.777738e+03
6.139102e-01	8.278256e+03	8.265231e+03
6.452353e-01	7.735530e+03	7.722530e+03
6.781586e-01	7.227823e+03	7.214850e+03
7.127620e-01	7.358622e+03	7.345675e+03
7.491309e-01	6.887504e+03	6.874585e+03
7.873557e-01	6.446599e+03	6.433706e+03
8.275308e-01	6.023642e+03	6.010786e+03
8.697559e-01	5.542390e+03	5.529575e+03
9.141356e-01	5.229201e+03	5.216427e+03
9.607797e-01	5.455644e+03	5.442912e+03
1.009804e+00	5.339125e+03	5.326436e+03
1.061330e+00	4.844802e+03	4.832168e+03
1.115484e+00	4.396344e+03	4.383766e+03
1.172402e+00	3.989494e+03	3.976974e+03
1.232225e+00	3.620389e+03	3.607930e+03
1.295099e+00	3.285527e+03	3.273131e+03
1.361182e+00	2.981728e+03	2.969400e+03
1.430637e+00	2.706108e+03	2.693854e+03
1.503636e+00	2.455112e+03	2.442937e+03
1.580360e+00	2.210869e+03	2.198780e+03
1.660998e+00	1.991021e+03	1.979025e+03
1.745751e+00	1.793131e+03	1.781233e+03
1.834829e+00	1.615001e+03	1.603210e+03
1.928452e+00	1.454658e+03	1.442978e+03
2.026852e+00	1.308749e+03	1.297187e+03
2.130273e+00	1.173708e+03	1.162271e+03
2.238971e+00	1.052693e+03	1.041387e+03
2.353216e+00	9.442443e+02	9.330760e+02
2.473289e+00	8.470543e+02	8.360298e+02
2.599490e+00	1.795782e+03	1.784908e+03
2.732130e+00	2.495535e+03	2.484817e+03
2.871538e+00	2.249457e+03	2.238902e+03
3.018059e+00	2.022026e+03	2.011640e+03
3.172057e+00	1.780833e+03	1.770622e+03
3.333913e+00	1.820033e+03	1.810003e+03
3.504027e+00	1.611481e+03	1.601638e+03
3.682821e+00	1.426865e+03	1.417216e+03
3.870739e+00	1.342830e+03	1.333379e+03
4.068245e+00	1.244530e+03	1.235283e+03
4.275829e+00	1.104012e+03	1.094975e+03
4.494005e+00	9.794263e+02	9.706040e+02
4.723313e+00	8.689625e+02	8.603593e+02
4.964322e+00	7.710167e+02	7.626366e+02
5.217629e+00	6.829084e+02	6.747549e+02
5.483860e+00	6.047370e+02	5.968133e+02
5.763676e+00	5.355662e+02	5.278749e+02
6.057770e+00	4.741279e+02	4.666711e+02
6.366871e+00	4.189391e+02	4.117185e+02
6.691743e+00	3.702203e+02	3.632368e+02
7.033192e+00	3.272102e+02	3.204640e+02
7.392063e+00	2.892373e+02	2.827279e+02
7.769246e+00	2.557092e+02	2.494355e+02
8.165675e+00	2.259123e+02	2.198725e+02
8.582332e+00	1.993814e+02	1.935735e+02
9.020249e+00	1.759985e+02	1.704201e+02
9.480511e+00	1.553876e+02	1.500360e+02
9.964258e+00	1.372176e+02	1.320901e+02
1.047269e+01	1.210133e+02	1.161068e+02
1.100706e+01	1.067339e+02	1.020449e+02
1.156870e+01	9.416123e+01	8.968610e+01
1.215900e+01	8.308941e+01	7.882409e+01
1.277942e+01	7.333744e+01	6.927759e+01
1.343149e+01	1.556293e+02	1.517703e+02
1.411684e+01	1.362949e+02	1.326319e+02
1.483716e+01	1.193789e+02	1.159068e+02
1.559423e+01	1.047091e+02	1.014226e+02
1.638993e+01	1.476934e+02	1.445865e+02
1.722623e+01	1.302973e+02	1.273635e+02
1.810521e+01	1.149597e+02	1.121920e+02
1.902904e+01	1.014366e+02	9.882782e+01
2.000000e+01	8.951295e+01	8.705553e+01
