# Energie (MeV)	µ/rho (cm²/g)	µen/rho (cm²/g)
1.000000e-03	2.667666e+04	2.667547e+04
1.051025e-03	2.667666e+04	2.667547e+04
1.104654e-03	2.667666e+04	2.667547e+04
1.161020e-03	2.667666e+04	2.667547e+04
1.220261e-03	2.667666e+04	2.667547e+04
1.282526e-03	2.667666e+04	2.667547e+04
1.347967e-03	2.667666e+04	2.667547e+04
1.416748e-03	2.667666e+04	2.667547e+04
1.489038e-03	2.667666e+04	2.667547e+04
1.565017e-03	2.667666e+04	2.667547e+04
1.644872e-03	2.667666e+04	2.667547e+04
1.728802e-03	2.667666e+04	2.667547e+04
1.817015e-03	2.667666e+04	2.667547e+04
1.909729e-03	2.667666e+04	2.667547e+04
2.007174e-03	2.667666e+04	2.667547e+04
2.109591e-03	2.667666e+04	2.667547e+04
2.217234e-03	2.667666e+04	2.667547e+04
2.330369e-03	2.667666e+04	2.667547e+04
2.449277e-03	2.667666e+04	2.667547e+04
2.574252e-03	2.667666e+04	2.667547e+04
2.705605e-03	2.667666e+04	2.667547e+04
2.843659e-03	2.667666e+04	2.667547e+04
2.988758e-03	2.667666e+04	2.667547e+04
3.141261e-03	2.667666e+04	2.667547e+04
3.301545e-03	2.667666e+04	2.667547e+04
3.470007e-03	2.667666e+04	2.667547e+04
3.647066e-03	2.667666e+04	2.667547e+04
3.833159e-03	2.667666e+04	2.667547e+04
4.028748e-03	2.667666e+04	2.667547e+04
4.234316e-03	2.667666e+04	2.667547e+04
4.450374e-03	2.667666e+04	2.667547e+04
4.677456e-03	2.667666e+04	2.667547e+04
4.916125e-03	2.667666e+04	2.667547e+04
5.166972e-03	2.667666e+04	2.667547e+04
5.430619e-03	2.667666e+04	2.667547e+04
5.707719e-03	2.667666e+04	2.667547e+04
5.998957e-03	2.667666e+04	2.667547e+04
6.305057e-03	2.667666e+04	2.667547e+04
6.626775e-03	2.667666e+04	2.667547e+04
6.964909e-03	2.667666e+04	2.667547e+04
7.320296e-03	2.667666e+04	2.667547e+04
7.693817e-03	2.667666e+04	2.667547e+04
8.086397e-03	2.667666e+04	2.667547e+04
8.499009e-03	2.667666e+04	2.667547e+04
8.932674e-03	2.667666e+04	2.667547e+04
9.388468e-03	2.667666e+04	2.667547e+04
9.867518e-03	2.667666e+04	2.667547e+04
1.037101e-02	2.667666e+04	2.667547e+04
1.090020e-02	2.667666e+04	2.667547e+04
1.145638e-02	2.667666e+04	2.667547e+04
1.204095e-02	2.667666e+04	2.667547e+04
1.265535e-02	2.667666e+04	2.667547e+04
1.330109e-02	2.667666e+04	2.667547e+04
1.397978e-02	2.667666e+04	2.667547e+04
1.469311e-02	2.667666e+04	2.667547e+04
1.544283e-02	2.667666e+04	2.667547e+04
1.623081e-02	2.667666e+04	2.667547e+04
1.705899e-02	2.667666e+04	2.667547e+04
1.792943e-02	2.667666e+04	2.667547e+04
1.884429e-02	2.667666e+04	2.667547e+04
1.980583e-02	2.667666e+04	2.667547e+04
2.081643e-02	2.667666e+04	2.667547e+04
2.187859e-02	2.667666e+04	2.667547e+04
2.299496e-02	2.667666e+04	2.667547e+04
2.416828e-02	2.667666e+04	2.667547e+04
2.540148e-02	2.667666e+04	2.667547e+04
2.669760e-02	2.667666e+04	2.667547e+04
2.805986e-02	2.667666e+04	2.667547e+04
2.949162e-02	2.667666e+04	2.667547e+04
3.099645e-02	2.667666e+04	2.667547e+04
3.257805e-02	2.667666e+04	2.667547e+04
3.424036e-02	2.667666e+04	2.667547e+04
3.598749e-02	2.667666e+04	2.667547e+04
3.782377e-02	2.667666e+04	2.667547e+04
3.975374e-02	2.667666e+04	2.667547e+04
4.178219e-02	2.667666e+04	2.667547e+04
4.391414e-02	2.667666e+04	2.667547e+04
4.615488e-02	2.667666e+04	2.667547e+04
4.850995e-02	2.667666e+04	2.667547e+04
5.098519e-02	2.667666e+04	2.667547e+04
5.358673e-02	2.667666e+04	2.667547e+04
5.632102e-02	2.667666e+04	2.667547e+04
5.919482e-02	2.667666e+04	2.667547e+04
6.221526e-02	2.667666e+04	2.667547e+04
6.538982e-02	2.667666e+04	2.667547e+04
6.872636e-02	2.667666e+04	2.667547e+04
7.223315e-02	2.667666e+04	2.667547e+04
7.591888e-02	2.667666e+04	2.667547e+04
7.979267e-02	2.667666e+04	2.667547e+04
8.386413e-02	2.667666e+04	2.667547e+04
8.814333e-02	2.667666e+04	2.667547e+04
9.264088e-02	2.667666e+04	2.667547e+04
9.736792e-02	2.667666e+04	2.667547e+04
1.023362e-01	2.534314e+04	2.534194e+04
1.075579e-01	2.269160e+04	2.269040e+04
1.130461e-01	2.031749e+04	2.031629e+04
1.188143e-01	1.819178e+04	1.819058e+04
1.248769e-01	1.628849e+04	1.628729e+04
1.312487e-01	1.458462e+04	1.458342e+04
1.379458e-01	1.305900e+04	1.305780e+04
1.449845e-01	1.169298e+04	1.169178e+04
1.523824e-01	1.045730e+04	1.045611e+04
1.601578e-01	9.328006e+03	9.326811e+03
1.683299e-01	8.320679e+03	8.319484e+03
1.769190e-01	7.421888e+03	7.420694e+03
1.859464e-01	6.619377e+03	6.618183e+03
1.954344e-01	5.903654e+03	5.902460e+03
2.054065e-01	5.270018e+03	5.268825e+03
2.158874e-01	4.708028e+03	4.706836e+03
2.269032e-01	4.205982e+03	4.204790e+03
2.384810e-01	3.757485e+03	3.756294e+03
2.506496e-01	3.355715e+03	3.354525e+03
2.634391e-01	2.978943e+03	2.977754e+03
2.768812e-01	2.644489e+03	2.643300e+03
2.910091e-01	4.539493e+04	4.539374e+04
3.058580e-01	4.052971e+04	4.052852e+04
3.214645e-01	3.651517e+04	3.651398e+04
3.378674e-01	3.289829e+04	3.289711e+04
3.551072e-01	2.963961e+04	2.963843e+04
3.732267e-01	2.670359e+04	2.670241e+04
3.922708e-01	2.405842e+04	2.405724e+04
4.122865e-01	2.147690e+04	2.147572e+04
4.333236e-01	1.905909e+04	1.905791e+04
4.554341e-01	1.691298e+04	1.691180e+04
4.786728e-01	1.500713e+04	1.500595e+04
5.030973e-01	1.330280e+04	1.330163e+04
5.287681e-01	1.170941e+04	1.170825e+04
5.557487e-01	1.030740e+04	1.030624e+04
5.841060e-01	9.074959e+03	9.073800e+03
6.139102e-01	7.986834e+03	7.985679e+03
6.452353e-01	7.026042e+03	7.024893e+03
6.781586e-01	6.182599e+03	6.181455e+03
7.127620e-01	5.426950e+03	5.425811e+03
7.491309e-01	4.742589e+03	4.741456e+03
7.873557e-01	4.144546e+03	4.143418e+03
8.275308e-01	3.632373e+03	3.631252e+03
8.697559e-01	3.187826e+03	3.186713e+03
9.141356e-01	2.797699e+03	2.796594e+03
9.607797e-01	2.455331e+03	2.454234e+03
1.009804e+00	2.150879e+03	2.149790e+03
1.061330e+00	1.869843e+03	1.868766e+03
1.115484e+00	1.625346e+03	1.624280e+03
1.172402e+00	1.412518e+03	1.411465e+03
1.232225e+00	1.227175e+03	1.226134e+03
1.295099e+00	1.065711e+03	1.064684e+03
1.361182e+00	9.250173e+02	9.240035e+02
1.430637e+00	8.024056e+02	8.014067e+02
1.503636e+00	6.955506e+02	6.945676e+02
1.580360e+00	6.024557e+02	6.014900e+02
1.660998e+00	5.214373e+02	5.204899e+02
1.745751e+00	4.510132e+02	4.500852e+02
1.834829e+00	3.898670e+02	3.889593e+02
1.928452e+00	3.368323e+02	3.359458e+02
2.026852e+00	2.908781e+02	2.900137e+02
2.130273e+00	2.510905e+02	2.502488e+02
2.238971e+00	2.166582e+02	2.158397e+02
2.353216e+00	1.868737e+02	1.860789e+02
2.473289e+00	1.611212e+02	1.603504e+02
2.599490e+00	1.388648e+02	1.381182e+02
2.732130e+00	1.196383e+02	1.189160e+02
2.871538e+00	1.030365e+02	1.023384e+02
3.018059e+00	8.870718e+01	8.803332e+01
3.172057e+00	7.634456e+01	7.569466e+01
3.333913e+00	6.568346e+01	6.505718e+01
3.504027e+00	5.649368e+01	5.589053e+01
3.682821e+00	4.857554e+01	4.799493e+01
3.870739e+00	4.175596e+01	4.119722e+01
4.068245e+00	3.588495e+01	3.534734e+01
4.275829e+00	3.083267e+01	3.031539e+01
4.494005e+00	2.648682e+01	2.598904e+01
4.723313e+00	2.275020e+01	2.227103e+01
4.964322e+00	1.953869e+01	1.907725e+01
5.217629e+00	1.677963e+01	1.633501e+01
5.483860e+00	1.441017e+01	1.398147e+01
5.763676e+00	1.237606e+01	1.196240e+01
6.057770e+00	1.063050e+01	1.023100e+01
6.366871e+00	9.133118e+00	8.746930e+00
6.691743e+00	7.849000e+00	7.475317e+00
7.033192e+00	6.748118e+00	6.386178e+00
7.392063e+00	5.804615e+00	5.453694e+00
7.769246e+00	4.996234e+00	4.655643e+00
8.165675e+00	4.303817e+00	3.972900e+00
8.582332e+00	3.710916e+00	3.389061e+00
9.020249e+00	3.203407e+00	2.890059e+00
9.480511e+00	2.769114e+00	2.463771e+00
9.964258e+00	2.397564e+00	2.099767e+00
1.047269e+01	2.079751e+00	1.789078e+00
1.100706e+01	1.807894e+00	1.523962e+00
1.156870e+01	1.575328e+00	1.297784e+00
1.215900e+01	1.376349e+00	1.104873e+00
1.277942e+01	1.206081e+00	9.403756e-01
1.343149e+01	1.060349e+00	8.001419e-01
1.411684e+01	9.355872e-01	6.806235e-01
1.483716e+01	8.287436e-01	5.787872e-01
1.559423e+01	7.372119e-01	4.920401e-01
1.638993e+01	6.587779e-01	4.181758e-01
1.722623e+01	5.915489e-01	3.553075e-01
1.810521e+01	5.339006e-01	3.018194e-01
1.902904e+01	4.844400e-01	2.563288e-01
2.000000e+01	4.419728e-01	2.176533e-01
