# Energie (MeV)	µ/rho (cm²/g)	µen/rho (cm²/g)
1.000000e-03	2.304429e+04	2.304029e+04
1.051025e-03	2.304429e+04	2.304029e+04
1.104654e-03	2.304429e+04	2.304029e+04
1.161020e-03	2.304429e+04	2.304029e+04
1.220261e-03	2.304429e+04	2.304029e+04
1.282526e-03	2.304429e+04	2.304029e+04
1.347967e-03	2.304429e+04	2.304029e+04
1.416748e-03	2.304429e+04	2.304029e+04
1.489038e-03	2.304429e+04	2.304029e+04
1.565017e-03	2.304429e+04	2.304029e+04
1.644872e-03	2.304429e+04	2.304029e+04
1.728802e-03	2.304429e+04	2.304029e+04
1.817015e-03	2.304429e+04	2.304029e+04
1.909729e-03	2.304429e+04	2.304029e+04
2.007174e-03	2.304429e+04	2.304029e+04
2.109591e-03	2.304429e+04	2.304029e+04
2.217234e-03	2.304429e+04	2.304029e+04
2.330369e-03	2.304429e+04	2.304029e+04
2.449277e-03	2.304429e+04	2.304029e+04
2.574252e-03	2.304429e+04	2.304029e+04
2.705605e-03	2.304429e+04	2.304029e+04
2.843659e-03	2.304429e+04	2.304029e+04
2.988758e-03	2.304429e+04	2.304029e+04
3.141261e-03	2.304429e+04	2.304029e+04
3.301545e-03	2.304429e+04	2.304029e+04
3.470007e-03	2.304429e+04	2.304029e+04
3.647066e-03	2.304429e+04	2.304029e+04
3.833159e-03	2.304429e+04	2.304029e+04
4.028748e-03	2.304429e+04	2.304029e+04
4.234316e-03	2.304429e+04	2.304029e+04
4.450374e-03	2.304429e+04	2.304029e+04
4.677456e-03	2.304429e+04	2.304029e+04
4.916125e-03	2.304429e+04	2.304029e+04
5.166972e-03	2.304429e+04	2.304029e+04
5.430619e-03	2.304429e+04	2.304029e+04
5.707719e-03	2.304429e+04	2.304029e+04
5.998957e-03	2.304429e+04	2.304029e+04
6.305057e-03	2.304429e+04	2.304029e+04
6.626775e-03	2.304429e+04	2.304029e+04
6.964909e-03	2.304429e+04	2.304029e+04
7.320296e-03	2.304429e+04	2.304029e+04
7.693817e-03	2.304429e+04	2.304029e+04
8.086397e-03	2.304429e+04	2.304029e+04
8.499009e-03	2.304429e+04	2.304029e+04
8.932674e-03	2.304429e+04	2.304029e+04
9.388468e-03	2.304429e+04	2.304029e+04
9.867518e-03	2.304429e+04	2.304029e+04
1.037101e-02	2.304429e+04	2.304029e+04
1.090020e-02	2.304429e+04	2.304029e+04
1.145638e-02	2.304429e+04	2.304029e+04
1.204095e-02	2.304429e+04	2.304029e+04
1.265535e-02	2.304429e+04	2.304029e+04
1.330109e-02	2.304429e+04	2.304029e+04
1.397978e-02	2.304429e+04	2.304029e+04
1.469311e-02	2.304429e+04	2.304029e+04
1.544283e-02	2.304429e+04	2.304029e+04
1.623081e-02	2.304429e+04	2.304029e+04
1.705899e-02	2.304429e+04	2.304029e+04
1.792943e-02	2.304429e+04	2.304029e+04
1.884429e-02	2.304429e+04	2.304029e+04
1.980583e-02	2.304429e+04	2.304029e+04
2.081643e-02	2.304429e+04	2.304029e+04
2.187859e-02	2.304429e+04	2.304029e+04
2.299496e-02	2.304429e+04	2.304029e+04
2.416828e-02	2.304429e+04	2.304029e+04
2.540148e-02	2.304429e+04	2.304029e+04
2.669760e-02	2.304429e+04	2.304029e+04
2.805986e-02	2.304429e+04	2.304029e+04
2.949162e-02	2.304429e+04	2.304029e+04
3.099645e-02	2.304429e+04	2.304029e+04
3.257805e-02	2.304429e+04	2.304029e+04
3.424036e-02	2.304429e+04	2.304029e+04
3.598749e-02	2.304429e+04	2.304029e+04
3.782377e-02	2.304429e+04	2.304029e+04
3.975374e-02	2.304429e+04	2.304029e+04
4.178219e-02	2.304429e+04	2.304029e+04
4.391414e-02	2.304429e+04	2.304029e+04
4.615488e-02	2.304429e+04	2.304029e+04
4.850995e-02	2.304429e+04	2.304029e+04
5.098519e-02	2.304429e+04	2.304029e+04
5.358673e-02	2.304429e+04	2.304029e+04
5.632102e-02	2.304429e+04	2.304029e+04
5.919482e-02	2.304429e+04	2.304029e+04
6.221526e-02	2.304429e+04	2.304029e+04
6.538982e-02	2.304429e+04	2.304029e+04
6.872636e-02	2.304429e+04	2.304029e+04
7.223315e-02	2.304429e+04	2.304029e+04
7.591888e-02	2.304429e+04	2.304029e+04
7.979267e-02	2.304429e+04	2.304029e+04
8.386413e-02	2.304429e+04	2.304029e+04
8.814333e-02	2.304429e+04	2.304029e+04
9.264088e-02	2.304429e+04	2.304029e+04
9.736792e-02	2.304429e+04	2.304029e+04
1.023362e-01	2.259018e+04	2.258618e+04
1.075579e-01	2.164174e+04	2.163774e+04
1.130461e-01	2.073312e+04	2.072912e+04
1.188143e-01	1.986266e+04	1.985866e+04
1.248769e-01	1.902875e+04	1.902476e+04
1.312487e-01	1.823065e+04	1.822665e+04
1.379458e-01	1.746604e+04	1.746205e+04
1.449845e-01	1.673351e+04	1.672951e+04
1.523824e-01	1.592029e+04	1.591630e+04
1.601578e-01	1.492026e+04	1.491627e+04
1.683299e-01	1.398305e+04	1.397906e+04
1.769190e-01	1.310483e+04	1.310085e+04
1.859464e-01	1.228212e+04	1.227814e+04
1.954344e-01	1.151107e+04	1.150709e+04
2.054065e-01	1.069781e+04	1.069383e+04
2.158874e-01	9.869666e+03	9.865689e+03
2.269032e-01	9.105651e+03	9.101678e+03
2.384810e-01	8.400802e+03	8.396832e+03
2.506496e-01	7.750530e+03	7.746563e+03
2.634391e-01	7.150478e+03	7.146514e+03
2.768812e-01	6.596907e+03	6.592945e+03
2.910091e-01	6.086215e+03	6.082256e+03
3.058580e-01	5.641620e+03	5.637665e+03
3.214645e-01	5.268456e+03	5.264507e+03
3.378674e-01	4.919991e+03	4.916048e+03
3.551072e-01	3.828748e+04	3.828354e+04
3.732267e-01	3.738394e+04	3.738001e+04
3.922708e-01	3.424500e+04	3.424107e+04
4.122865e-01	3.106327e+04	3.105936e+04
4.333236e-01	2.799948e+04	2.799557e+04
4.554341e-01	2.877682e+04	2.877293e+04
4.786728e-01	2.591002e+04	2.590614e+04
5.030973e-01	2.331541e+04	2.331153e+04
5.287681e-01	2.089538e+04	2.089152e+04
5.557487e-01	1.872486e+04	1.872101e+04
5.841060e-01	1.677400e+04	1.677016e+04
6.139102e-01	1.500316e+04	1.499934e+04
6.452353e-01	1.339498e+04	1.339117e+04
6.781586e-01	1.195878e+04	1.195499e+04
7.127620e-01	1.065197e+04	1.064821e+04
7.491309e-01	9.449750e+03	9.446005e+03
7.873557e-01	8.383259e+03	8.379532e+03
8.275308e-01	7.420457e+03	7.416755e+03
8.697559e-01	6.561319e+03	6.557645e+03
9.141356e-01	5.841341e+03	5.837694e+03
9.607797e-01	5.278627e+03	5.275009e+03
1.009804e+00	4.745077e+03	4.741487e+03
1.061330e+00	4.174237e+03	4.170683e+03
1.115484e+00	3.672113e+03	3.668596e+03
1.172402e+00	3.230433e+03	3.226952e+03
1.232225e+00	2.841919e+03	2.838475e+03
1.295099e+00	2.500171e+03	2.496765e+03
1.361182e+00	2.199558e+03	2.196192e+03
1.430637e+00	1.935128e+03	1.931804e+03
1.503636e+00	1.702208e+03	1.698927e+03
1.580360e+00	1.491933e+03	1.488699e+03
1.660998e+00	1.307671e+03	1.304484e+03
1.745751e+00	1.146202e+03	1.143065e+03
1.834829e+00	1.004705e+03	1.001619e+03
1.928452e+00	8.807103e+02	8.776769e+02
2.026852e+00	7.714324e+02	7.684530e+02
2.130273e+00	6.742697e+02	6.713454e+02
2.238971e+00	5.893770e+02	5.865091e+02
2.353216e+00	5.152035e+02	5.123933e+02
2.473289e+00	4.503944e+02	4.476434e+02
2.599490e+00	3.937661e+02	3.910757e+02
2.732130e+00	3.442847e+02	3.416564e+02
2.871538e+00	3.010467e+02	2.984821e+02
3.018059e+00	2.631881e+02	2.606886e+02
3.172057e+00	2.296361e+02	2.272032e+02
3.333913e+00	2.003841e+02	1.980190e+02
3.504027e+00	1.748795e+02	1.725835e+02
3.682821e+00	1.526412e+02	1.504152e+02
3.870739e+00	1.332496e+02	1.310944e+02
4.068245e+00	1.005198e+03	1.003114e+03
4.275829e+00	8.900767e+02	8.880647e+02
4.494005e+00	7.875597e+02	7.856194e+02
4.723313e+00	6.958829e+02	6.940140e+02
4.964322e+00	6.136242e+02	6.118258e+02
5.217629e+00	5.397160e+02	5.379871e+02
5.483860e+00	4.737033e+02	4.720426e+02
5.763676e+00	4.152035e+02	4.136093e+02
6.057770e+00	3.637177e+02	3.621881e+02
6.366871e+00	3.185942e+02	3.171273e+02
6.691743e+00	2.790215e+02	2.776150e+02
7.033192e+00	2.442788e+02	2.429306e+02
7.392063e+00	2.137493e+02	2.124571e+02
7.769246e+00	1.869035e+02	1.856650e+02
8.165675e+00	1.632854e+02	1.620984e+02
8.582332e+00	1.425188e+02	1.413811e+02
9.020249e+00	1.242905e+02	1.232001e+02
9.480511e+00	1.083163e+02	1.072715e+02
9.964258e+00	9.433850e+01	9.333766e+01
1.047269e+01	8.212369e+01	8.116532e+01
1.100706e+01	7.145709e+01	7.053983e+01
1.156870e+01	6.214778e+01	6.127036e+01
1.215900e+01	5.402760e+01	5.318883e+01
1.277942e+01	4.694854e+01	4.614729e+01
1.343149e+01	4.078045e+01	4.001564e+01
1.411684e+01	3.540893e+01	3.467951e+01
1.483716e+01	3.073353e+01	3.003845e+01
1.559423e+01	2.666602e+01	2.600425e+01
1.638993e+01	2.312936e+01	2.249975e+01
1.722623e+01	2.005600e+01	1.945728e+01
1.810521e+01	1.738669e+01	1.681749e+01
1.902904e+01	1.506955e+01	1.452844e+01
2.000000e+01	1.305917e+01	1.254469e+01
