# Energie (MeV)	µ/rho (cm²/g)	µen/rho (cm²/g)
1.000000e-03	9.896621e+03	9.882979e+03
1.051025e-03	9.896621e+03	9.882979e+03
1.104654e-03	9.896621e+03	9.882979e+03
1.161020e-03	9.896621e+03	9.882979e+03
1.220261e-03	9.896621e+03	9.882979e+03
1.282526e-03	9.896621e+03	9.882979e+03
1.347967e-03	9.896621e+03	9.882979e+03
1.416748e-03	9.896621e+03	9.882979e+03
1.489038e-03	9.896621e+03	9.882979e+03
1.565017e-03	9.896621e+03	9.882979e+03
1.644872e-03	9.896621e+03	9.882979e+03
1.728802e-03	9.896621e+03	9.882979e+03
1.817015e-03	9.896621e+03	9.882979e+03
1.909729e-03	9.896621e+03	9.882979e+03
2.007174e-03	9.896621e+03	9.882979e+03
2.109591e-03	9.896621e+03	9.882979e+03
2.217234e-03	9.896621e+03	9.882979e+03
2.330369e-03	9.896621e+03	9.882979e+03
2.449277e-03	9.896621e+03	9.882979e+03
2.574252e-03	9.896621e+03	9.882979e+03
2.705605e-03	9.896621e+03	9.882979e+03
2.843659e-03	9.896621e+03	9.882979e+03
2.988758e-03	9.896621e+03	9.882979e+03
3.141261e-03	9.896621e+03	9.882979e+03
3.301545e-03	9.896621e+03	9.882979e+03
3.470007e-03	9.896621e+03	9.882979e+03
3.647066e-03	9.896621e+03	9.882979e+03
3.833159e-03	9.896621e+03	9.882979e+03
4.028748e-03	9.896621e+03	9.882979e+03
4.234316e-03	9.896621e+03	9.882979e+03
4.450374e-03	9.896621e+03	9.882979e+03
4.677456e-03	9.896621e+03	9.882979e+03
4.916125e-03	9.896621e+03	9.882979e+03
5.166972e-03	9.896621e+03	9.882979e+03
5.430619e-03	9.896621e+03	9.882979e+03
5.707719e-03	9.896621e+03	9.882979e+03
5.998957e-03	9.896621e+03	9.882979e+03
6.305057e-03	9.896621e+03	9.882979e+03
6.626775e-03	9.896621e+03	9.882979e+03
6.964909e-03	9.896621e+03	9.882979e+03
7.320296e-03	9.896621e+03	9.882979e+03
7.693817e-03	9.896621e+03	9.882979e+03
8.086397e-03	9.896621e+03	9.882979e+03
8.499009e-03	9.896621e+03	9.882979e+03
8.932674e-03	9.896621e+03	9.882979e+03
9.388468e-03	9.896621e+03	9.882979e+03
9.867518e-03	9.896621e+03	9.882979e+03
1.037101e-02	9.896621e+03	9.882979e+03
1.090020e-02	9.896621e+03	9.882979e+03
1.145638e-02	9.896621e+03	9.882979e+03
1.204095e-02	9.896621e+03	9.882979e+03
1.265535e-02	9.896621e+03	9.882979e+03
1.330109e-02	9.896621e+03	9.882979e+03
1.397978e-02	9.896621e+03	9.882979e+03
1.469311e-02	9.896621e+03	9.882979e+03
1.544283e-02	9.896621e+03	9.882979e+03
1.623081e-02	9.896621e+03	9.882979e+03
1.705899e-02	9.896621e+03	9.882979e+03
1.792943e-02	9.896621e+03	9.882979e+03
1.884429e-02	9.896621e+03	9.882979e+03
1.980583e-02	9.896621e+03	9.882979e+03
2.081643e-02	9.896621e+03	9.882979e+03
2.187859e-02	9.896621e+03	9.882979e+03
2.299496e-02	9.896621e+03	9.882979e+03
2.416828e-02	9.896621e+03	9.882979e+03
2.540148e-02	9.896621e+03	9.882979e+03
2.669760e-02	9.896621e+03	9.882979e+03
2.805986e-02	9.896621e+03	9.882979e+03
2.949162e-02	9.896621e+03	9.882979e+03
3.099645e-02	9.896621e+03	9.882979e+03
3.257805e-02	9.896621e+03	9.882979e+03
3.424036e-02	9.896621e+03	9.882979e+03
3.598749e-02	9.896621e+03	9.882979e+03
3.782377e-02	9.896621e+03	9.882979e+03
3.975374e-02	9.896621e+03	9.882979e+03
4.178219e-02	9.896621e+03	9.882979e+03
4.391414e-02	9.896621e+03	9.882979e+03
4.615488e-02	9.896621e+03	9.882979e+03
4.850995e-02	9.896621e+03	9.882979e+03
5.098519e-02	9.896621e+03	9.882979e+03
5.358673e-02	9.896621e+03	9.882979e+03
5.632102e-02	9.896621e+03	9.882979e+03
5.919482e-02	9.896621e+03	9.882979e+03
6.221526e-02	9.896621e+03	9.882979e+03
6.538982e-02	9.896621e+03	9.882979e+03
6.872636e-02	9.896621e+03	9.882979e+03
7.223315e-02	9.896621e+03	9.882979e+03
7.591888e-02	9.896621e+03	9.882979e+03
7.979267e-02	9.896621e+03	9.882979e+03
8.386413e-02	9.896621e+03	9.882979e+03
8.814333e-02	9.896621e+03	9.882979e+03
9.264088e-02	9.896621e+03	9.882979e+03
9.736792e-02	9.896621e+03	9.882979e+03
1.023362e-01	9.050928e+03	9.037287e+03
1.075579e-01	7.466357e+03	7.452718e+03
1.130461e-01	6.159620e+03	6.145983e+03
1.188143e-01	5.082001e+03	5.068366e+03
1.248769e-01	4.193329e+03	4.179695e+03
1.312487e-01	3.460529e+03	3.446897e+03
1.379458e-01	2.856207e+03	2.842576e+03
1.449845e-01	3.749194e+03	3.735564e+03
1.523824e-01	3.184884e+03	3.171257e+03
1.601578e-01	2.879632e+03	2.866007e+03
1.683299e-01	2.603762e+03	2.590140e+03
1.769190e-01	2.356281e+03	2.342662e+03
1.859464e-01	2.499566e+03	2.485949e+03
1.954344e-01	2.268313e+03	2.254699e+03
2.054065e-01	2.127386e+03	2.113777e+03
2.158874e-01	2.052884e+03	2.039280e+03
2.269032e-01	1.981008e+03	1.967410e+03
2.384810e-01	2.495481e+03	2.481888e+03
2.506496e-01	2.411775e+03	2.398187e+03
2.634391e-01	2.397940e+03	2.384358e+03
2.768812e-01	3.066205e+03	3.052628e+03
2.910091e-01	3.048580e+03	3.035007e+03
3.058580e-01	3.407833e+03	3.394268e+03
3.214645e-01	4.581477e+03	4.567923e+03
3.378674e-01	6.160943e+03	6.147399e+03
3.551072e-01	7.959778e+03	7.946245e+03
3.732267e-01	9.325078e+03	9.311555e+03
3.922708e-01	1.092496e+04	1.091145e+04
4.122865e-01	1.170023e+04	1.168673e+04
4.333236e-01	1.182560e+04	1.181212e+04
4.554341e-01	1.195209e+04	1.193862e+04
4.786728e-01	1.207918e+04	1.206572e+04
5.030973e-01	1.212351e+04	1.211008e+04
5.287681e-01	1.158833e+04	1.157492e+04
5.557487e-01	1.106944e+04	1.105604e+04
5.841060e-01	1.189242e+04	1.187905e+04
6.139102e-01	1.167099e+04	1.165765e+04
6.452353e-01	1.112032e+04	1.110700e+04
6.781586e-01	1.045139e+04	1.043811e+04
7.127620e-01	9.769221e+03	9.755971e+03
7.491309e-01	9.082307e+03	9.069089e+03
7.873557e-01	8.443754e+03	8.430568e+03
8.275308e-01	8.816762e+03	8.803618e+03
8.697559e-01	8.043654e+03	8.030557e+03
9.141356e-01	7.303722e+03	7.290671e+03
9.607797e-01	6.563394e+03	6.550389e+03
1.009804e+00	5.974495e+03	5.961539e+03
1.061330e+00	5.449356e+03	5.436460e+03
1.115484e+00	4.970693e+03	4.957858e+03
1.172402e+00	4.619093e+03	4.606322e+03
1.232225e+00	4.188168e+03	4.175462e+03
1.295099e+00	3.797540e+03	3.784903e+03
1.361182e+00	3.443440e+03	3.430876e+03
1.430637e+00	3.122450e+03	3.109963e+03
1.503636e+00	2.830633e+03	2.818231e+03
1.580360e+00	2.551393e+03	2.539081e+03
1.660998e+00	2.299796e+03	2.287581e+03
1.745751e+00	2.073105e+03	2.060993e+03
1.834829e+00	1.868851e+03	1.856849e+03
1.928452e+00	1.684811e+03	1.672925e+03
2.026852e+00	1.516546e+03	1.504783e+03
2.130273e+00	1.359208e+03	1.347573e+03
2.238971e+00	1.218287e+03	1.206788e+03
2.353216e+00	1.092068e+03	1.080711e+03
2.473289e+00	9.790146e+02	9.678054e+02
2.599490e+00	8.777502e+02	8.666956e+02
2.732130e+00	7.870427e+02	7.761491e+02
2.871538e+00	7.057885e+02	6.950622e+02
3.018059e+00	1.910061e+03	1.899508e+03
3.172057e+00	2.178867e+03	2.168494e+03
3.333913e+00	1.876920e+03	1.866733e+03
3.504027e+00	1.616842e+03	1.606846e+03
3.682821e+00	1.619405e+03	1.609605e+03
3.870739e+00	1.432738e+03	1.423139e+03
4.068245e+00	1.266753e+03	1.257360e+03
4.275829e+00	1.118507e+03	1.109323e+03
4.494005e+00	1.051368e+03	1.042397e+03
4.723313e+00	9.720384e+02	9.632840e+02
4.964322e+00	8.634145e+02	8.548804e+02
5.217629e+00	7.652593e+02	7.569487e+02
5.483860e+00	6.780633e+02	6.699790e+02
5.763676e+00	6.008573e+02	5.930017e+02
6.057770e+00	5.322796e+02	5.246549e+02
6.366871e+00	4.707856e+02	4.633936e+02
6.691743e+00	4.164435e+02	4.092854e+02
7.033192e+00	3.684183e+02	3.614952e+02
7.392063e+00	3.259728e+02	3.192852e+02
7.769246e+00	2.884558e+02	2.820039e+02
8.165675e+00	2.550503e+02	2.488338e+02
8.582332e+00	2.252428e+02	2.192608e+02
9.020249e+00	1.989516e+02	1.932025e+02
9.480511e+00	1.757598e+02	1.702411e+02
9.964258e+00	1.552999e+02	1.500085e+02
1.047269e+01	1.370038e+02	1.319361e+02
1.100706e+01	1.208722e+02	1.160243e+02
1.156870e+01	1.066636e+02	1.020315e+02
1.215900e+01	9.414677e+01	8.972622e+01
1.277942e+01	8.311821e+01	7.890502e+01
1.343149e+01	7.339917e+01	6.938888e+01
1.411684e+01	6.483238e+01	6.102042e+01
1.483716e+01	5.727961e+01	5.366121e+01
1.559423e+01	1.181772e+02	1.147474e+02
1.638993e+01	1.035158e+02	1.002693e+02
1.722623e+01	9.070005e+01	8.763076e+01
1.810521e+01	1.106808e+02	1.077824e+02
1.902904e+01	1.126587e+02	1.099247e+02
2.000000e+01	9.932809e+01	9.675154e+01
