# Energie (MeV)	µ/rho (cm²/g)	µen/rho (cm²/g)
1.000000e-03	1.718064e+04	1.717019e+04
1.051025e-03	1.718064e+04	1.717019e+04
1.104654e-03	1.718064e+04	1.717019e+04
1.161020e-03	1.718064e+04	1.717019e+04
1.220261e-03	1.718064e+04	1.717019e+04
1.282526e-03	1.718064e+04	1.717019e+04
1.347967e-03	1.718064e+04	1.717019e+04
1.416748e-03	1.718064e+04	1.717019e+04
1.489038e-03	1.718064e+04	1.717019e+04
1.565017e-03	1.718064e+04	1.717019e+04
1.644872e-03	1.718064e+04	1.717019e+04
1.728802e-03	1.718064e+04	1.717019e+04
1.817015e-03	1.718064e+04	1.717019e+04
1.909729e-03	1.718064e+04	1.717019e+04
2.007174e-03	1.718064e+04	1.717019e+04
2.109591e-03	1.718064e+04	1.717019e+04
2.217234e-03	1.718064e+04	1.717019e+04
2.330369e-03	1.718064e+04	1.717019e+04
2.449277e-03	1.718064e+04	1.717019e+04
2.574252e-03	1.718064e+04	1.717019e+04
2.705605e-03	1.718064e+04	1.717019e+04
2.843659e-03	1.718064e+04	1.717019e+04
2.988758e-03	1.718064e+04	1.717019e+04
3.141261e-03	1.718064e+04	1.717019e+04
3.301545e-03	1.718064e+04	1.717019e+04
3.470007e-03	1.718064e+04	1.717019e+04
3.647066e-03	1.718064e+04	1.717019e+04
3.833159e-03	1.718064e+04	1.717019e+04
4.028748e-03	1.718064e+04	1.717019e+04
4.234316e-03	1.718064e+04	1.717019e+04
4.450374e-03	1.718064e+04	1.717019e+04
4.677456e-03	1.718064e+04	1.717019e+04
4.916125e-03	1.718064e+04	1.717019e+04
5.166972e-03	1.718064e+04	1.717019e+04
5.430619e-03	1.718064e+04	1.717019e+04
5.707719e-03	1.718064e+04	1.717019e+04
5.998957e-03	1.718064e+04	1.717019e+04
6.305057e-03	1.718064e+04	1.717019e+04
6.626775e-03	1.718064e+04	1.717019e+04
6.964909e-03	1.718064e+04	1.717019e+04
7.320296e-03	1.718064e+04	1.717019e+04
7.693817e-03	1.718064e+04	1.717019e+04
8.086397e-03	1.718064e+04	1.717019e+04
8.499009e-03	1.718064e+04	1.717019e+04
8.932674e-03	1.718064e+04	1.717019e+04
9.388468e-03	1.718064e+04	1.717019e+04
9.867518e-03	1.718064e+04	1.717019e+04
1.037101e-02	1.718064e+04	1.717019e+04
1.090020e-02	1.718064e+04	1.717019e+04
1.145638e-02	1.718064e+04	1.717019e+04
1.204095e-02	1.718064e+04	1.717019e+04
1.265535e-02	1.718064e+04	1.717019e+04
1.330109e-02	1.718064e+04	1.717019e+04
1.397978e-02	1.718064e+04	1.717019e+04
1.469311e-02	1.718064e+04	1.717019e+04
1.544283e-02	1.718064e+04	1.717019e+04
1.623081e-02	1.718064e+04	1.717019e+04
1.705899e-02	1.718064e+04	1.717019e+04
1.792943e-02	1.718064e+04	1.717019e+04
1.884429e-02	1.718064e+04	1.717019e+04
1.980583e-02	1.718064e+04	1.717019e+04
2.081643e-02	1.718064e+04	1.717019e+04
2.187859e-02	1.718064e+04	1.717019e+04
2.299496e-02	1.718064e+04	1.717019e+04
2.416828e-02	1.718064e+04	1.717019e+04
2.540148e-02	1.718064e+04	1.717019e+04
2.669760e-02	1.718064e+04	1.717019e+04
2.805986e-02	1.718064e+04	1.717019e+04
2.949162e-02	1.718064e+04	1.717019e+04
3.099645e-02	1.718064e+04	1.717019e+04
3.257805e-02	1.718064e+04	1.717019e+04
3.424036e-02	1.718064e+04	1.717019e+04
3.598749e-02	1.718064e+04	1.717019e+04
3.782377e-02	1.718064e+04	1.717019e+04
3.975374e-02	1.718064e+04	1.717019e+04
4.178219e-02	1.718064e+04	1.717019e+04
4.391414e-02	1.718064e+04	1.717019e+04
4.615488e-02	1.718064e+04	1.717019e+04
4.850995e-02	1.718064e+04	1.717019e+04
5.098519e-02	1.718064e+04	1.717019e+04
5.358673e-02	1.718064e+04	1.717019e+04
5.632102e-02	1.718064e+04	1.717019e+04
5.919482e-02	1.718064e+04	1.717019e+04
6.221526e-02	1.718064e+04	1.717019e+04
6.538982e-02	1.718064e+04	1.717019e+04
6.872636e-02	1.718064e+04	1.717019e+04
7.223315e-02	1.718064e+04	1.717019e+04
7.591888e-02	1.718064e+04	1.717019e+04
7.979267e-02	1.718064e+04	1.717019e+04
8.386413e-02	1.718064e+04	1.717019e+04
8.814333e-02	1.718064e+04	1.717019e+04
9.264088e-02	1.718064e+04	1.717019e+04
9.736792e-02	1.718064e+04	1.717019e+04
1.023362e-01	1.704276e+04	1.703230e+04
1.075579e-01	1.674936e+04	1.673891e+04
1.130461e-01	1.646101e+04	1.645056e+04
1.188143e-01	1.617764e+04	1.616719e+04
1.248769e-01	1.589914e+04	1.588869e+04
1.312487e-01	1.571966e+04	1.570921e+04
1.379458e-01	1.554408e+04	1.553364e+04
1.449845e-01	1.749657e+04	1.748613e+04
1.523824e-01	1.705961e+04	1.704917e+04
1.601578e-01	1.613635e+04	1.612591e+04
1.683299e-01	1.526308e+04	1.525264e+04
1.769190e-01	1.443706e+04	1.442662e+04
1.859464e-01	1.365562e+04	1.364519e+04
1.954344e-01	1.291651e+04	1.290608e+04
2.054065e-01	1.231562e+04	1.230519e+04
2.158874e-01	1.182437e+04	1.181395e+04
2.269032e-01	1.135274e+04	1.134231e+04
2.384810e-01	1.089993e+04	1.088951e+04
2.506496e-01	1.046837e+04	1.045795e+04
2.634391e-01	1.010940e+04	1.009899e+04
2.768812e-01	1.116004e+04	1.114963e+04
2.910091e-01	1.088494e+04	1.087454e+04
3.058580e-01	1.046432e+04	1.045392e+04
3.214645e-01	9.988921e+03	9.978534e+03
3.378674e-01	9.535142e+03	9.524763e+03
3.551072e-01	9.093750e+03	9.083380e+03
3.732267e-01	8.653691e+03	8.643329e+03
3.922708e-01	8.894278e+03	8.883924e+03
4.122865e-01	8.407137e+03	8.396794e+03
4.333236e-01	7.912361e+03	7.902031e+03
4.554341e-01	7.446612e+03	7.436295e+03
4.786728e-01	7.007941e+03	6.997637e+03
5.030973e-01	6.587998e+03	6.577707e+03
5.287681e-01	6.146011e+03	6.135738e+03
5.557487e-01	5.733433e+03	5.723178e+03
5.841060e-01	5.347578e+03	5.337343e+03
6.139102e-01	4.970367e+03	4.960154e+03
6.452353e-01	4.600974e+03	4.590787e+03
6.781586e-01	4.260226e+03	4.250067e+03
7.127620e-01	3.938045e+03	3.927913e+03
7.491309e-01	3.629115e+03	3.619011e+03
7.873557e-01	3.344478e+03	3.334401e+03
8.275308e-01	3.072563e+03	3.062523e+03
8.697559e-01	2.818648e+03	2.808649e+03
9.141356e-01	2.599035e+03	2.589079e+03
9.607797e-01	2.423604e+03	2.413688e+03
1.009804e+00	2.249888e+03	2.240016e+03
1.061330e+00	2.050398e+03	2.040581e+03
1.115484e+00	1.872235e+03	1.862472e+03
1.172402e+00	1.713037e+03	1.703332e+03
1.232225e+00	4.824957e+03	4.815309e+03
1.295099e+00	4.878883e+03	4.869297e+03
1.361182e+00	4.933411e+03	4.923889e+03
1.430637e+00	4.988548e+03	4.979094e+03
1.503636e+00	5.012090e+03	5.002709e+03
1.580360e+00	5.147932e+03	5.138629e+03
1.660998e+00	4.588838e+03	4.579618e+03
1.745751e+00	4.356316e+03	4.347184e+03
1.834829e+00	3.901116e+03	3.892077e+03
1.928452e+00	3.645041e+03	3.636100e+03
2.026852e+00	3.255701e+03	3.246862e+03
2.130273e+00	2.894987e+03	2.886254e+03
2.238971e+00	2.574318e+03	2.565696e+03
2.353216e+00	2.289247e+03	2.280741e+03
2.473289e+00	2.035819e+03	2.027433e+03
2.599490e+00	1.810519e+03	1.802259e+03
2.732130e+00	1.610222e+03	1.602094e+03
2.871538e+00	1.432151e+03	1.424160e+03
3.018059e+00	1.273052e+03	1.265203e+03
3.172057e+00	1.126615e+03	1.118913e+03
3.333913e+00	9.970869e+02	9.895387e+02
3.504027e+00	8.825131e+02	8.751231e+02
3.682821e+00	7.811637e+02	7.739368e+02
3.870739e+00	6.915094e+02	6.844502e+02
4.068245e+00	6.116133e+02	6.047261e+02
4.275829e+00	5.399983e+02	5.332870e+02
4.494005e+00	4.768195e+02	4.702873e+02
4.723313e+00	4.210806e+02	4.147301e+02
4.964322e+00	3.719028e+02	3.657361e+02
5.217629e+00	3.279950e+02	3.220136e+02
5.483860e+00	2.892366e+02	2.834416e+02
5.763676e+00	2.550977e+02	2.494900e+02
6.057770e+00	2.249607e+02	2.195409e+02
6.366871e+00	1.981817e+02	1.929500e+02
6.691743e+00	1.746236e+02	1.695798e+02
7.033192e+00	1.538967e+02	1.490402e+02
7.392063e+00	3.648709e+02	3.602007e+02
7.769246e+00	3.212971e+02	3.168118e+02
8.165675e+00	3.867352e+02	3.824331e+02
8.582332e+00	3.942742e+02	3.901529e+02
9.020249e+00	3.482318e+02	3.442890e+02
9.480511e+00	3.075839e+02	3.038166e+02
9.964258e+00	2.716969e+02	2.681018e+02
1.047269e+01	2.385963e+02	2.351698e+02
1.100706e+01	2.094491e+02	2.061871e+02
1.156870e+01	1.838785e+02	1.807762e+02
1.215900e+01	1.614448e+02	1.584970e+02
1.277942e+01	1.417622e+02	1.389636e+02
1.343149e+01	1.244928e+02	1.218375e+02
1.411684e+01	1.093400e+02	1.068220e+02
1.483716e+01	9.604381e+01	9.365707e+01
1.559423e+01	8.420687e+01	8.194525e+01
1.638993e+01	7.379875e+01	7.165639e+01
1.722623e+01	6.468797e+01	6.265938e+01
1.810521e+01	5.671198e+01	5.479202e+01
1.902904e+01	4.972866e+01	4.791246e+01
2.000000e+01	4.361371e+01	4.189668e+01
