# Energie (MeV)	µ/rho (cm²/g)	µen/rho (cm²/g)
1.000000e-03	1.438226e+04	1.437060e+04
1.051025e-03	1.438226e+04	1.437060e+04
1.104654e-03	1.438226e+04	1.437060e+04
1.161020e-03	1.438226e+04	1.437060e+04
1.220261e-03	1.438226e+04	1.437060e+04
1.282526e-03	1.438226e+04	1.437060e+04
1.347967e-03	1.438226e+04	1.437060e+04
1.416748e-03	1.438226e+04	1.437060e+04
1.489038e-03	1.438226e+04	1.437060e+04
1.565017e-03	1.438226e+04	1.437060e+04
1.644872e-03	1.438226e+04	1.437060e+04
1.728802e-03	1.438226e+04	1.437060e+04
1.817015e-03	1.438226e+04	1.437060e+04
1.909729e-03	1.438226e+04	1.437060e+04
2.007174e-03	1.438226e+04	1.437060e+04
2.109591e-03	1.438226e+04	1.437060e+04
2.217234e-03	1.438226e+04	1.437060e+04
2.330369e-03	1.438226e+04	1.437060e+04
2.449277e-03	1.438226e+04	1.437060e+04
2.574252e-03	1.438226e+04	1.437060e+04
2.705605e-03	1.438226e+04	1.437060e+04
2.843659e-03	1.438226e+04	1.437060e+04
2.988758e-03	1.438226e+04	1.437060e+04
3.141261e-03	1.438226e+04	1.437060e+04
3.301545e-03	1.438226e+04	1.437060e+04
3.470007e-03	1.438226e+04	1.437060e+04
3.647066e-03	1.438226e+04	1.437060e+04
3.833159e-03	1.438226e+04	1.437060e+04
4.028748e-03	1.438226e+04	1.437060e+04
4.234316e-03	1.438226e+04	1.437060e+04
4.450374e-03	1.438226e+04	1.437060e+04
4.677456e-03	1.438226e+04	1.437060e+04
4.916125e-03	1.438226e+04	1.437060e+04
5.166972e-03	1.438226e+04	1.437060e+04
5.430619e-03	1.438226e+04	1.437060e+04
5.707719e-03	1.438226e+04	1.437060e+04
5.998957e-03	1.438226e+04	1.437060e+04
6.305057e-03	1.438226e+04	1.437060e+04
6.626775e-03	1.438226e+04	1.437060e+04
6.964909e-03	1.438226e+04	1.437060e+04
7.320296e-03	1.438226e+04	1.437060e+04
7.693817e-03	1.438226e+04	1.437060e+04
8.086397e-03	1.438226e+04	1.437060e+04
8.499009e-03	1.438226e+04	1.437060e+04
8.932674e-03	1.438226e+04	1.437060e+04
9.388468e-03	1.438226e+04	1.437060e+04
9.867518e-03	1.438226e+04	1.437060e+04
1.037101e-02	1.438226e+04	1.437060e+04
1.090020e-02	1.438226e+04	1.437060e+04
1.145638e-02	1.438226e+04	1.437060e+04
1.204095e-02	1.438226e+04	1.437060e+04
1.265535e-02	1.438226e+04	1.437060e+04
1.330109e-02	1.438226e+04	1.437060e+04
1.397978e-02	1.438226e+04	1.437060e+04
1.469311e-02	1.438226e+04	1.437060e+04
1.544283e-02	1.438226e+04	1.437060e+04
1.623081e-02	1.438226e+04	1.437060e+04
1.705899e-02	1.438226e+04	1.437060e+04
1.792943e-02	1.438226e+04	1.437060e+04
1.884429e-02	1.438226e+04	1.437060e+04
1.980583e-02	1.438226e+04	1.437060e+04
2.081643e-02	1.438226e+04	1.437060e+04
2.187859e-02	1.438226e+04	1.437060e+04
2.299496e-02	1.438226e+04	1.437060e+04
2.416828e-02	1.438226e+04	1.437060e+04
2.540148e-02	1.438226e+04	1.437060e+04
2.669760e-02	1.438226e+04	1.437060e+04
2.805986e-02	1.438226e+04	1.437060e+04
2.949162e-02	1.438226e+04	1.437060e+04
3.099645e-02	1.438226e+04	1.437060e+04
3.257805e-02	1.438226e+04	1.437060e+04
3.424036e-02	1.438226e+04	1.437060e+04
3.598749e-02	1.438226e+04	1.437060e+04
3.782377e-02	1.438226e+04	1.437060e+04
3.975374e-02	1.438226e+04	1.437060e+04
4.178219e-02	1.438226e+04	1.437060e+04
4.391414e-02	1.438226e+04	1.437060e+04
4.615488e-02	1.438226e+04	1.437060e+04
4.850995e-02	1.438226e+04	1.437060e+04
5.098519e-02	1.438226e+04	1.437060e+04
5.358673e-02	1.438226e+04	1.437060e+04
5.632102e-02	1.438226e+04	1.437060e+04
5.919482e-02	1.438226e+04	1.437060e+04
6.221526e-02	1.438226e+04	1.437060e+04
6.538982e-02	1.438226e+04	1.437060e+04
6.872636e-02	1.438226e+04	1.437060e+04
7.223315e-02	1.438226e+04	1.437060e+04
7.591888e-02	1.438226e+04	1.437060e+04
7.979267e-02	1.438226e+04	1.437060e+04
8.386413e-02	1.438226e+04	1.437060e+04
8.814333e-02	1.438226e+04	1.437060e+04
9.264088e-02	1.438226e+04	1.437060e+04
9.736792e-02	1.438226e+04	1.437060e+04
1.023362e-01	1.451723e+04	1.450558e+04
1.075579e-01	1.481242e+04	1.480077e+04
1.130461e-01	1.511362e+04	1.510197e+04
1.188143e-01	1.542095e+04	1.540930e+04
1.248769e-01	1.573453e+04	1.572288e+04
1.312487e-01	1.605497e+04	1.604332e+04
1.379458e-01	1.638195e+04	1.637030e+04
1.449845e-01	1.671559e+04	1.670395e+04
1.523824e-01	1.690943e+04	1.689778e+04
1.601578e-01	1.678962e+04	1.677797e+04
1.683299e-01	1.667065e+04	1.665901e+04
1.769190e-01	1.655269e+04	1.654105e+04
1.859464e-01	1.643609e+04	1.642445e+04
1.954344e-01	1.632032e+04	1.630868e+04
2.054065e-01	1.596998e+04	1.595835e+04
2.158874e-01	1.610782e+04	1.609620e+04
2.269032e-01	1.603010e+04	1.601847e+04
2.384810e-01	1.548849e+04	1.547687e+04
2.506496e-01	1.495854e+04	1.494692e+04
2.634391e-01	1.433034e+04	1.431873e+04
2.768812e-01	1.372855e+04	1.371694e+04
2.910091e-01	1.315205e+04	1.314044e+04
3.058580e-01	1.256851e+04	1.255690e+04
3.214645e-01	1.196402e+04	1.195242e+04
3.378674e-01	1.138863e+04	1.137704e+04
3.551072e-01	1.083331e+04	1.082173e+04
3.732267e-01	1.028747e+04	1.027590e+04
3.922708e-01	1.061511e+04	1.060354e+04
4.122865e-01	1.008031e+04	1.006876e+04
4.333236e-01	9.572488e+03	9.560943e+03
4.554341e-01	9.171425e+03	9.159890e+03
4.786728e-01	8.671975e+03	8.660451e+03
5.030973e-01	8.186864e+03	8.175352e+03
5.287681e-01	7.643530e+03	7.632035e+03
5.557487e-01	7.549262e+03	7.537784e+03
5.841060e-01	6.994592e+03	6.983130e+03
6.139102e-01	6.470986e+03	6.459544e+03
6.452353e-01	5.976091e+03	5.964674e+03
6.781586e-01	5.519180e+03	5.507787e+03
7.127620e-01	5.082220e+03	5.070852e+03
7.491309e-01	4.655700e+03	4.644357e+03
7.873557e-01	4.265051e+03	4.253733e+03
8.275308e-01	3.904300e+03	3.893016e+03
8.697559e-01	3.572864e+03	3.561618e+03
9.141356e-01	3.357840e+03	3.346633e+03
9.607797e-01	3.345433e+03	3.334264e+03
1.009804e+00	3.271325e+03	3.260197e+03
1.061330e+00	2.962641e+03	2.951563e+03
1.115484e+00	2.683173e+03	2.672146e+03
1.172402e+00	2.430155e+03	2.419182e+03
1.232225e+00	2.201082e+03	2.190164e+03
1.295099e+00	1.993688e+03	1.982827e+03
1.361182e+00	1.805917e+03	1.795118e+03
1.430637e+00	1.635913e+03	1.625179e+03
1.503636e+00	1.481639e+03	1.470976e+03
1.580360e+00	1.335783e+03	1.325197e+03
1.660998e+00	1.204370e+03	1.193864e+03
1.745751e+00	3.638800e+03	3.628381e+03
1.834829e+00	3.623319e+03	3.612992e+03
1.928452e+00	3.607898e+03	3.597668e+03
2.026852e+00	3.477438e+03	3.467309e+03
2.130273e+00	3.562254e+03	3.552232e+03
2.238971e+00	3.161674e+03	3.151763e+03
2.353216e+00	2.802972e+03	2.793179e+03
2.473289e+00	2.654609e+03	2.644938e+03
2.599490e+00	2.366373e+03	2.356831e+03
2.732130e+00	2.198528e+03	2.189120e+03
2.871538e+00	1.957963e+03	1.948695e+03
3.018059e+00	1.742967e+03	1.733845e+03
3.172057e+00	1.546281e+03	1.537311e+03
3.333913e+00	1.371865e+03	1.363054e+03
3.504027e+00	1.217196e+03	1.208549e+03
3.682821e+00	1.080034e+03	1.071558e+03
3.870739e+00	9.583949e+02	9.500944e+02
4.068245e+00	8.495593e+02	8.414412e+02
4.275829e+00	7.514988e+02	7.435686e+02
4.494005e+00	6.648172e+02	6.570801e+02
4.723313e+00	5.881911e+02	5.806515e+02
4.964322e+00	5.204508e+02	5.131127e+02
5.217629e+00	4.597174e+02	4.525843e+02
5.483860e+00	4.059957e+02	3.990708e+02
5.763676e+00	3.585985e+02	3.518848e+02
6.057770e+00	3.166562e+02	3.101565e+02
6.366871e+00	2.792113e+02	2.729279e+02
6.691743e+00	2.462336e+02	2.401679e+02
7.033192e+00	2.171874e+02	2.113402e+02
7.392063e+00	1.916016e+02	1.859726e+02
7.769246e+00	1.690617e+02	1.636500e+02
8.165675e+00	1.491044e+02	1.439086e+02
8.582332e+00	1.314074e+02	1.264254e+02
9.020249e+00	1.158366e+02	1.110661e+02
9.480511e+00	1.021342e+02	9.757288e+01
9.964258e+00	2.320650e+02	2.277101e+02
1.047269e+01	2.028757e+02	1.987241e+02
1.100706e+01	2.440552e+02	2.401032e+02
1.156870e+01	2.489306e+02	2.451735e+02
1.215900e+01	2.194221e+02	2.158549e+02
1.277942e+01	1.934254e+02	1.900422e+02
1.343149e+01	1.705217e+02	1.673163e+02
1.411684e+01	1.503422e+02	1.473081e+02
1.483716e+01	1.325621e+02	1.296925e+02
1.559423e+01	1.164931e+02	1.137810e+02
1.638993e+01	1.022843e+02	9.972251e+01
1.722623e+01	8.981957e+01	8.740108e+01
1.810521e+01	7.888438e+01	7.660206e+01
1.902904e+01	6.929053e+01	6.713733e+01
2.000000e+01	6.087301e+01	5.884204e+01
