# Energie (MeV)	µ/rho (cm²/g)	µen/rho (cm²/g)
1.000000e-03	4.445314e+03	4.432503e+03
1.051025e-03	4.445314e+03	4.432503e+03
1.104654e-03	4.445314e+03	4.432503e+03
1.161020e-03	4.445314e+03	4.432503e+03
1.220261e-03	4.445314e+03	4.432503e+03
1.282526e-03	4.445314e+03	4.432503e+03
1.347967e-03	4.445314e+03	4.432503e+03
1.416748e-03	4.445314e+03	4.432503e+03
1.489038e-03	4.445314e+03	4.432503e+03
1.565017e-03	4.445314e+03	4.432503e+03
1.644872e-03	4.445314e+03	4.432503e+03
1.728802e-03	4.445314e+03	4.432503e+03
1.817015e-03	4.445314e+03	4.432503e+03
1.909729e-03	4.445314e+03	4.432503e+03
2.007174e-03	4.445314e+03	4.432503e+03
2.109591e-03	4.445314e+03	4.432503e+03
2.217234e-03	4.445314e+03	4.432503e+03
2.330369e-03	4.445314e+03	4.432503e+03
2.449277e-03	4.445314e+03	4.432503e+03
2.574252e-03	4.445314e+03	4.432503e+03
2.705605e-03	4.445314e+03	4.432503e+03
2.843659e-03	4.445314e+03	4.432503e+03
2.988758e-03	4.445314e+03	4.432503e+03
3.141261e-03	4.445314e+03	4.432503e+03
3.301545e-03	4.445314e+03	4.432503e+03
3.470007e-03	4.445314e+03	4.432503e+03
3.647066e-03	4.445314e+03	4.432503e+03
3.833159e-03	4.445314e+03	4.432503e+03
4.028748e-03	4.445314e+03	4.432503e+03
4.234316e-03	4.445314e+03	4.432503e+03
4.450374e-03	4.445314e+03	4.432503e+03
4.677456e-03	4.445314e+03	4.432503e+03
4.916125e-03	4.445314e+03	4.432503e+03
5.166972e-03	4.445314e+03	4.432503e+03
5.430619e-03	4.445314e+03	4.432503e+03
5.707719e-03	4.445314e+03	4.432503e+03
5.998957e-03	4.445314e+03	4.432503e+03
6.305057e-03	4.445314e+03	4.432503e+03
6.626775e-03	4.445314e+03	4.432503e+03
6.964909e-03	4.445314e+03	4.432503e+03
7.320296e-03	4.445314e+03	4.432503e+03
7.693817e-03	4.445314e+03	4.432503e+03
8.086397e-03	4.445314e+03	4.432503e+03
8.499009e-03	4.445314e+03	4.432503e+03
8.932674e-03	4.445314e+03	4.432503e+03
9.388468e-03	4.445314e+03	4.432503e+03
9.867518e-03	4.445314e+03	4.432503e+03
1.037101e-02	4.445314e+03	4.432503e+03
1.090020e-02	4.445314e+03	4.432503e+03
1.145638e-02	4.445314e+03	4.432503e+03
1.204095e-02	4.445314e+03	4.432503e+03
1.265535e-02	4.445314e+03	4.432503e+03
1.330109e-02	4.445314e+03	4.432503e+03
1.397978e-02	4.445314e+03	4.432503e+03
1.469311e-02	4.445314e+03	4.432503e+03
1.544283e-02	4.445314e+03	4.432503e+03
1.623081e-02	4.445314e+03	4.432503e+03
1.705899e-02	4.445314e+03	4.432503e+03
1.792943e-02	4.445314e+03	4.432503e+03
1.884429e-02	4.445314e+03	4.432503e+03
1.980583e-02	4.445314e+03	4.432503e+03
2.081643e-02	4.445314e+03	4.432503e+03
2.187859e-02	4.445314e+03	4.432503e+03
2.299496e-02	4.445314e+03	4.432503e+03
2.416828e-02	4.445314e+03	4.432503e+03
2.540148e-02	4.445314e+03	4.432503e+03
2.669760e-02	4.445314e+03	4.432503e+03
2.805986e-02	4.445314e+03	4.432503e+03
2.949162e-02	4.445314e+03	4.432503e+03
3.099645e-02	4.445314e+03	4.432503e+03
3.257805e-02	4.445314e+03	4.432503e+03
3.424036e-02	4.445314e+03	4.432503e+03
3.598749e-02	4.445314e+03	4.432503e+03
3.782377e-02	4.445314e+03	4.432503e+03
3.975374e-02	4.445314e+03	4.432503e+03
4.178219e-02	4.445314e+03	4.432503e+03
4.391414e-02	4.445314e+03	4.432503e+03
4.615488e-02	4.445314e+03	4.432503e+03
4.850995e-02	4.445314e+03	4.432503e+03
5.098519e-02	4.445314e+03	4.432503e+03
5.358673e-02	4.445314e+03	4.432503e+03
5.632102e-02	4.445314e+03	4.432503e+03
5.919482e-02	4.445314e+03	4.432503e+03
6.221526e-02	4.445314e+03	4.432503e+03
6.538982e-02	4.445314e+03	4.432503e+03
6.872636e-02	4.445314e+03	4.432503e+03
7.223315e-02	4.445314e+03	4.432503e+03
7.591888e-02	4.445314e+03	4.432503e+03
7.979267e-02	4.445314e+03	4.432503e+03
8.386413e-02	4.445314e+03	4.432503e+03
8.814333e-02	4.445314e+03	4.432503e+03
9.264088e-02	4.445314e+03	4.432503e+03
9.736792e-02	4.445314e+03	4.432503e+03
1.023362e-01	4.242411e+03	4.229600e+03
1.075579e-01	4.303165e+03	4.290355e+03
1.130461e-01	3.891089e+03	3.878281e+03
1.188143e-01	3.518592e+03	3.505785e+03
1.248769e-01	3.181872e+03	3.169066e+03
1.312487e-01	3.513154e+03	3.500349e+03
1.379458e-01	3.308902e+03	3.296098e+03
1.449845e-01	3.116570e+03	3.103766e+03
1.523824e-01	3.106813e+03	3.094011e+03
1.601578e-01	3.500829e+03	3.488029e+03
1.683299e-01	3.945022e+03	3.932224e+03
1.769190e-01	4.445869e+03	4.433072e+03
1.859464e-01	5.010852e+03	4.998057e+03
1.954344e-01	5.647841e+03	5.635047e+03
2.054065e-01	6.436555e+03	6.423763e+03
2.158874e-01	7.406018e+03	7.393229e+03
2.269032e-01	8.521791e+03	8.509006e+03
2.384810e-01	9.275434e+03	9.262652e+03
2.506496e-01	9.887712e+03	9.874933e+03
2.634391e-01	1.053966e+04	1.052689e+04
2.768812e-01	1.123465e+04	1.122188e+04
2.910091e-01	1.197553e+04	1.196276e+04
3.058580e-01	1.242221e+04	1.240945e+04
3.214645e-01	1.234497e+04	1.233221e+04
3.378674e-01	1.226820e+04	1.225545e+04
3.551072e-01	1.215351e+04	1.214077e+04
3.732267e-01	1.221486e+04	1.220211e+04
3.922708e-01	1.236800e+04	1.235526e+04
4.122865e-01	1.199669e+04	1.198396e+04
4.333236e-01	1.153634e+04	1.152362e+04
4.554341e-01	1.109354e+04	1.108084e+04
4.786728e-01	1.066737e+04	1.065467e+04
5.030973e-01	1.022740e+04	1.021471e+04
5.287681e-01	9.603682e+03	9.591010e+03
5.557487e-01	9.018171e+03	9.005514e+03
5.841060e-01	8.928479e+03	8.915836e+03
6.139102e-01	8.412827e+03	8.400202e+03
6.452353e-01	7.958264e+03	7.945663e+03
6.781586e-01	7.522132e+03	7.509555e+03
7.127620e-01	7.104320e+03	7.091766e+03
7.491309e-01	6.521534e+03	6.509010e+03
7.873557e-01	5.986637e+03	5.974140e+03
8.275308e-01	5.850825e+03	5.838357e+03
8.697559e-01	5.371005e+03	5.358566e+03
9.141356e-01	5.029261e+03	5.016851e+03
9.607797e-01	4.918323e+03	4.905949e+03
1.009804e+00	4.738901e+03	4.726565e+03
1.061330e+00	4.296016e+03	4.283728e+03
1.115484e+00	3.894619e+03	3.882381e+03
1.172402e+00	3.530824e+03	3.518636e+03
1.232225e+00	3.201105e+03	3.188971e+03
1.295099e+00	2.902270e+03	2.890193e+03
1.361182e+00	2.631423e+03	2.619407e+03
1.430637e+00	2.385941e+03	2.373992e+03
1.503636e+00	2.162663e+03	2.150786e+03
1.580360e+00	1.946531e+03	1.934733e+03
1.660998e+00	1.752095e+03	1.740383e+03
1.745751e+00	1.577176e+03	1.565557e+03
1.834829e+00	1.419812e+03	1.408292e+03
1.928452e+00	1.278239e+03	1.266824e+03
2.026852e+00	1.149799e+03	1.138496e+03
2.130273e+00	1.031727e+03	1.020542e+03
2.238971e+00	9.258680e+02	9.148086e+02
2.353216e+00	1.629032e+03	1.618105e+03
2.473289e+00	2.248239e+03	2.237451e+03
2.599490e+00	2.186571e+03	2.175929e+03
2.732130e+00	2.126636e+03	2.116148e+03
2.871538e+00	2.350070e+03	2.339742e+03
3.018059e+00	2.086617e+03	2.076457e+03
3.172057e+00	1.847734e+03	1.837750e+03
3.333913e+00	1.738015e+03	1.728212e+03
3.504027e+00	1.545189e+03	1.535575e+03
3.682821e+00	1.432171e+03	1.422752e+03
3.870739e+00	1.273621e+03	1.264402e+03
4.068245e+00	1.131405e+03	1.122392e+03
4.275829e+00	1.002924e+03	9.941211e+02
4.494005e+00	8.890975e+02	8.805098e+02
4.723313e+00	7.882508e+02	7.798824e+02
4.964322e+00	6.989003e+02	6.907550e+02
5.217629e+00	6.184963e+02	6.105775e+02
5.483860e+00	5.472127e+02	5.395231e+02
5.763676e+00	4.841960e+02	4.767375e+02
6.057770e+00	4.282910e+02	4.210647e+02
6.366871e+00	3.781710e+02	3.711773e+02
6.691743e+00	3.339615e+02	3.272006e+02
7.033192e+00	2.949627e+02	2.884341e+02
7.392063e+00	2.605577e+02	2.542607e+02
7.769246e+00	2.302027e+02	2.241361e+02
8.165675e+00	2.032557e+02	1.974180e+02
8.582332e+00	1.792910e+02	1.736803e+02
9.020249e+00	1.581826e+02	1.527969e+02
9.480511e+00	1.395877e+02	1.344245e+02
9.964258e+00	1.232044e+02	1.182612e+02
1.047269e+01	1.086312e+02	1.039049e+02
1.100706e+01	9.579471e+01	9.128212e+01
1.156870e+01	8.449547e+01	8.019277e+01
1.215900e+01	7.454752e+01	7.045061e+01
1.277942e+01	1.601991e+02	1.563035e+02
1.343149e+01	1.403558e+02	1.366567e+02
1.411684e+01	1.230026e+02	1.194950e+02
1.483716e+01	1.501121e+02	1.467907e+02
1.559423e+01	1.523315e+02	1.491908e+02
1.638993e+01	1.343096e+02	1.313432e+02
1.722623e+01	1.184296e+02	1.156308e+02
1.810521e+01	1.044366e+02	1.017980e+02
1.902904e+01	9.210601e+01	8.961997e+01
2.000000e+01	8.124019e+01	7.889882e+01
