# Energie (MeV)	µ/rho (cm²/g)	µen/rho (cm²/g)
1.000000e-03	2.310196e+04	2.309104e+04
1.051025e-03	2.310196e+04	2.309104e+04
1.104654e-03	2.310196e+04	2.309104e+04
1.161020e-03	2.310196e+04	2.309104e+04
1.220261e-03	2.310196e+04	2.309104e+04
1.282526e-03	2.310196e+04	2.309104e+04
1.347967e-03	2.310196e+04	2.309104e+04
1.416748e-03	2.310196e+04	2.309104e+04
1.489038e-03	2.310196e+04	2.309104e+04
1.565017e-03	2.310196e+04	2.309104e+04
1.644872e-03	2.310196e+04	2.309104e+04
1.728802e-03	2.310196e+04	2.309104e+04
1.817015e-03	2.310196e+04	2.309104e+04
1.909729e-03	2.310196e+04	2.309104e+04
2.007174e-03	2.310196e+04	2.309104e+04
2.109591e-03	2.310196e+04	2.309104e+04
2.217234e-03	2.310196e+04	2.309104e+04
2.330369e-03	2.310196e+04	2.309104e+04
2.449277e-03	2.310196e+04	2.309104e+04
2.574252e-03	2.310196e+04	2.309104e+04
2.705605e-03	2.310196e+04	2.309104e+04
2.843659e-03	2.310196e+04	2.309104e+04
2.988758e-03	2.310196e+04	2.309104e+04
3.141261e-03	2.310196e+04	2.309104e+04
3.301545e-03	2.310196e+04	2.309104e+04
3.470007e-03	2.310196e+04	2.309104e+04
3.647066e-03	2.310196e+04	2.309104e+04
3.833159e-03	2.310196e+04	2.309104e+04
4.028748e-03	2.310196e+04	2.309104e+04
4.234316e-03	2.310196e+04	2.309104e+04
4.450374e-03	2.310196e+04	2.309104e+04
4.677456e-03	2.310196e+04	2.309104e+04
4.916125e-03	2.310196e+04	2.309104e+04
5.166972e-03	2.310196e+04	2.309104e+04
5.430619e-03	2.310196e+04	2.309104e+04
5.707719e-03	2.310196e+04	2.309104e+04
5.998957e-03	2.310196e+04	2.309104e+04
6.305057e-03	2.310196e+04	2.309104e+04
6.626775e-03	2.310196e+04	2.309104e+04
6.964909e-03	2.310196e+04	2.309104e+04
7.320296e-03	2.310196e+04	2.309104e+04
7.693817e-03	2.310196e+04	2.309104e+04
8.086397e-03	2.310196e+04	2.309104e+04
8.499009e-03	2.310196e+04	2.309104e+04
8.932674e-03	2.310196e+04	2.309104e+04
9.388468e-03	2.310196e+04	2.309104e+04
9.867518e-03	2.310196e+04	2.309104e+04
1.037101e-02	2.310196e+04	2.309104e+04
1.090020e-02	2.310196e+04	2.309104e+04
1.145638e-02	2.310196e+04	2.309104e+04
1.204095e-02	2.310196e+04	2.309104e+04
1.265535e-02	2.310196e+04	2.309104e+04
1.330109e-02	2.310196e+04	2.309104e+04
1.397978e-02	2.310196e+04	2.309104e+04
1.469311e-02	2.310196e+04	2.309104e+04
1.544283e-02	2.310196e+04	2.309104e+04
1.623081e-02	2.310196e+04	2.309104e+04
1.705899e-02	2.310196e+04	2.309104e+04
1.792943e-02	2.310196e+04	2.309104e+04
1.884429e-02	2.310196e+04	2.309104e+04
1.980583e-02	2.310196e+04	2.309104e+04
2.081643e-02	2.310196e+04	2.309104e+04
2.187859e-02	2.310196e+04	2.309104e+04
2.299496e-02	2.310196e+04	2.309104e+04
2.416828e-02	2.310196e+04	2.309104e+04
2.540148e-02	2.310196e+04	2.309104e+04
2.669760e-02	2.310196e+04	2.309104e+04
2.805986e-02	2.310196e+04	2.309104e+04
2.949162e-02	2.310196e+04	2.309104e+04
3.099645e-02	2.310196e+04	2.309104e+04
3.257805e-02	2.310196e+04	2.309104e+04
3.424036e-02	2.310196e+04	2.309104e+04
3.598749e-02	2.310196e+04	2.309104e+04
3.782377e-02	2.310196e+04	2.309104e+04
3.975374e-02	2.310196e+04	2.309104e+04
4.178219e-02	2.310196e+04	2.309104e+04
4.391414e-02	2.310196e+04	2.309104e+04
4.615488e-02	2.310196e+04	2.309104e+04
4.850995e-02	2.310196e+04	2.309104e+04
5.098519e-02	2.310196e+04	2.309104e+04
5.358673e-02	2.310196e+04	2.309104e+04
5.632102e-02	2.310196e+04	2.309104e+04
5.919482e-02	2.310196e+04	2.309104e+04
6.221526e-02	2.310196e+04	2.309104e+04
6.538982e-02	2.310196e+04	2.309104e+04
6.872636e-02	2.310196e+04	2.309104e+04
7.223315e-02	2.310196e+04	2.309104e+04
7.591888e-02	2.310196e+04	2.309104e+04
7.979267e-02	2.310196e+04	2.309104e+04
8.386413e-02	2.310196e+04	2.309104e+04
8.814333e-02	2.310196e+04	2.309104e+04
9.264088e-02	2.310196e+04	2.309104e+04
9.736792e-02	2.310196e+04	2.309104e+04
1.023362e-01	2.298772e+04	2.297681e+04
1.075579e-01	2.274347e+04	2.273255e+04
1.130461e-01	2.250180e+04	2.249089e+04
1.188143e-01	2.226271e+04	2.225180e+04
1.248769e-01	2.202616e+04	2.201525e+04
1.312487e-01	2.179309e+04	2.178219e+04
1.379458e-01	2.156251e+04	2.155161e+04
1.449845e-01	2.133437e+04	2.132347e+04
1.523824e-01	2.097838e+04	2.096748e+04
1.601578e-01	2.236801e+04	2.235711e+04
1.683299e-01	2.170285e+04	2.169195e+04
1.769190e-01	2.102248e+04	2.101158e+04
1.859464e-01	2.024300e+04	2.023211e+04
1.954344e-01	1.949245e+04	1.948156e+04
2.054065e-01	1.862841e+04	1.861752e+04
2.158874e-01	1.768655e+04	1.767567e+04
2.269032e-01	1.679235e+04	1.678146e+04
2.384810e-01	1.594338e+04	1.593250e+04
2.506496e-01	1.513736e+04	1.512648e+04
2.634391e-01	1.437214e+04	1.436127e+04
2.768812e-01	1.364564e+04	1.363477e+04
2.910091e-01	1.295589e+04	1.294503e+04
3.058580e-01	1.230379e+04	1.229293e+04
3.214645e-01	1.314667e+04	1.313581e+04
3.378674e-01	1.248939e+04	1.247855e+04
3.551072e-01	1.197424e+04	1.196340e+04
3.732267e-01	1.134572e+04	1.133489e+04
3.922708e-01	1.075022e+04	1.073940e+04
4.122865e-01	1.013602e+04	1.012521e+04
4.333236e-01	1.019383e+04	1.018303e+04
4.554341e-01	9.568270e+03	9.557485e+03
4.786728e-01	8.943212e+03	8.932439e+03
5.030973e-01	8.351265e+03	8.340504e+03
5.287681e-01	7.747528e+03	7.736784e+03
5.557487e-01	7.187454e+03	7.176728e+03
5.841060e-01	6.667796e+03	6.657088e+03
6.139102e-01	6.173049e+03	6.162362e+03
6.452353e-01	5.701310e+03	5.690649e+03
6.781586e-01	5.265771e+03	5.255136e+03
7.127620e-01	4.849257e+03	4.838648e+03
7.491309e-01	4.442712e+03	4.432129e+03
7.873557e-01	4.070321e+03	4.059764e+03
8.275308e-01	3.724452e+03	3.713929e+03
8.697559e-01	3.405993e+03	3.395508e+03
9.141356e-01	3.108662e+03	3.098216e+03
9.607797e-01	2.825052e+03	2.814645e+03
1.009804e+00	2.567094e+03	2.556730e+03
1.061330e+00	2.331644e+03	2.321332e+03
1.115484e+00	2.117866e+03	2.107608e+03
1.172402e+00	1.923738e+03	1.913535e+03
1.232225e+00	1.747363e+03	1.737217e+03
1.295099e+00	1.587232e+03	1.577146e+03
1.361182e+00	2.513647e+03	2.503623e+03
1.430637e+00	5.422921e+03	5.412964e+03
1.503636e+00	5.813200e+03	5.803315e+03
1.580360e+00	5.136153e+03	5.126344e+03
1.660998e+00	4.538071e+03	4.528343e+03
1.745751e+00	4.646177e+03	4.636536e+03
1.834829e+00	4.134360e+03	4.124809e+03
1.928452e+00	3.908718e+03	3.899264e+03
2.026852e+00	3.485722e+03	3.476369e+03
2.130273e+00	3.258119e+03	3.248870e+03
2.238971e+00	2.900287e+03	2.891148e+03
2.353216e+00	2.581837e+03	2.572814e+03
2.473289e+00	2.298432e+03	2.289530e+03
2.599490e+00	2.046214e+03	2.037438e+03
2.732130e+00	1.821746e+03	1.813102e+03
2.871538e+00	1.621974e+03	1.613468e+03
3.018059e+00	1.443235e+03	1.434873e+03
3.172057e+00	1.278171e+03	1.269958e+03
3.333913e+00	1.132054e+03	1.123998e+03
3.504027e+00	1.002708e+03	9.948128e+02
3.682821e+00	8.882038e+02	8.804756e+02
3.870739e+00	7.868359e+02	7.792795e+02
4.068245e+00	6.964042e+02	6.890245e+02
4.275829e+00	6.152387e+02	6.080403e+02
4.494005e+00	5.435875e+02	5.365746e+02
4.723313e+00	4.803320e+02	4.735085e+02
4.964322e+00	4.244853e+02	4.178549e+02
5.217629e+00	3.745534e+02	3.681192e+02
5.483860e+00	3.304469e+02	3.242112e+02
5.763676e+00	2.915760e+02	2.855405e+02
6.057770e+00	2.572251e+02	2.513902e+02
6.366871e+00	2.266195e+02	2.209852e+02
6.691743e+00	1.996915e+02	1.942576e+02
7.033192e+00	1.759967e+02	1.707626e+02
7.392063e+00	1.551444e+02	1.501093e+02
7.769246e+00	1.367910e+02	1.319539e+02
8.165675e+00	3.186258e+02	3.139854e+02
8.582332e+00	2.803335e+02	2.758880e+02
9.020249e+00	3.368459e+02	3.325930e+02
9.480511e+00	3.440709e+02	3.400078e+02
9.964258e+00	3.038915e+02	3.000150e+02
1.047269e+01	2.673498e+02	2.636560e+02
1.100706e+01	2.351460e+02	2.316306e+02
1.156870e+01	2.068372e+02	2.034952e+02
1.215900e+01	1.819513e+02	1.787774e+02
1.277942e+01	1.600736e+02	1.570619e+02
1.343149e+01	1.408396e+02	1.379841e+02
1.411684e+01	1.239292e+02	1.212237e+02
1.483716e+01	1.090611e+02	1.064991e+02
1.559423e+01	9.573094e+01	9.330595e+01
1.638993e+01	8.397834e+01	8.168402e+01
1.722623e+01	7.367948e+01	7.150969e+01
1.810521e+01	6.465385e+01	6.260264e+01
1.902904e+01	5.674339e+01	5.480503e+01
2.000000e+01	4.980970e+01	4.797867e+01
