# Energie (MeV)	µ/rho (cm²/g)	µen/rho (cm²/g)
1.000000e-03	4.907006e+03	4.898624e+03
1.051025e-03	4.907006e+03	4.898624e+03
1.104654e-03	4.907006e+03	4.898624e+03
1.161020e-03	4.907006e+03	4.898624e+03
1.220261e-03	4.907006e+03	4.898624e+03
1.282526e-03	4.907006e+03	4.898624e+03
1.347967e-03	4.907006e+03	4.898624e+03
1.416748e-03	4.907006e+03	4.898624e+03
1.489038e-03	4.907006e+03	4.898624e+03
1.565017e-03	4.907006e+03	4.898624e+03
1.644872e-03	4.907006e+03	4.898624e+03
1.728802e-03	4.907006e+03	4.898624e+03
1.817015e-03	4.907006e+03	4.898624e+03
1.909729e-03	4.907006e+03	4.898624e+03
2.007174e-03	4.907006e+03	4.898624e+03
2.109591e-03	4.907006e+03	4.898624e+03
2.217234e-03	4.907006e+03	4.898624e+03
2.330369e-03	4.907006e+03	4.898624e+03
2.449277e-03	4.907006e+03	4.898624e+03
2.574252e-03	4.907006e+03	4.898624e+03
2.705605e-03	4.907006e+03	4.898624e+03
2.843659e-03	4.907006e+03	4.898624e+03
2.988758e-03	4.907006e+03	4.898624e+03
3.141261e-03	4.907006e+03	4.898624e+03
3.301545e-03	4.907006e+03	4.898624e+03
3.470007e-03	4.907006e+03	4.898624e+03
3.647066e-03	4.907006e+03	4.898624e+03
3.833159e-03	4.907006e+03	4.898624e+03
4.028748e-03	4.907006e+03	4.898624e+03
4.234316e-03	4.907006e+03	4.898624e+03
4.450374e-03	4.907006e+03	4.898624e+03
4.677456e-03	4.907006e+03	4.898624e+03
4.916125e-03	4.907006e+03	4.898624e+03
5.166972e-03	4.907006e+03	4.898624e+03
5.430619e-03	4.907006e+03	4.898624e+03
5.707719e-03	4.907006e+03	4.898624e+03
5.998957e-03	4.907006e+03	4.898624e+03
6.305057e-03	4.907006e+03	4.898624e+03
6.626775e-03	4.907006e+03	4.898624e+03
6.964909e-03	4.907006e+03	4.898624e+03
7.320296e-03	4.907006e+03	4.898624e+03
7.693817e-03	4.907006e+03	4.898624e+03
8.086397e-03	4.907006e+03	4.898624e+03
8.499009e-03	4.907006e+03	4.898624e+03
8.932674e-03	4.907006e+03	4.898624e+03
9.388468e-03	4.907006e+03	4.898624e+03
9.867518e-03	4.907006e+03	4.898624e+03
1.037101e-02	4.907006e+03	4.898624e+03
1.090020e-02	4.907006e+03	4.898624e+03
1.145638e-02	4.907006e+03	4.898624e+03
1.204095e-02	4.907006e+03	4.898624e+03
1.265535e-02	4.907006e+03	4.898624e+03
1.330109e-02	4.907006e+03	4.898624e+03
1.397978e-02	4.907006e+03	4.898624e+03
1.469311e-02	4.907006e+03	4.898624e+03
1.544283e-02	4.907006e+03	4.898624e+03
1.623081e-02	4.907006e+03	4.898624e+03
1.705899e-02	4.907006e+03	4.898624e+03
1.792943e-02	4.907006e+03	4.898624e+03
1.884429e-02	4.907006e+03	4.898624e+03
1.980583e-02	4.907006e+03	4.898624e+03
2.081643e-02	4.907006e+03	4.898624e+03
2.187859e-02	4.907006e+03	4.898624e+03
2.299496e-02	4.907006e+03	4.898624e+03
2.416828e-02	4.907006e+03	4.898624e+03
2.540148e-02	4.907006e+03	4.898624e+03
2.669760e-02	4.907006e+03	4.898624e+03
2.805986e-02	4.907006e+03	4.898624e+03
2.949162e-02	4.907006e+03	4.898624e+03
3.099645e-02	4.907006e+03	4.898624e+03
3.257805e-02	4.907006e+03	4.898624e+03
3.424036e-02	4.907006e+03	4.898624e+03
3.598749e-02	4.907006e+03	4.898624e+03
3.782377e-02	4.907006e+03	4.898624e+03
3.975374e-02	4.907006e+03	4.898624e+03
4.178219e-02	4.907006e+03	4.898624e+03
4.391414e-02	4.907006e+03	4.898624e+03
4.615488e-02	4.907006e+03	4.898624e+03
4.850995e-02	4.907006e+03	4.898624e+03
5.098519e-02	4.907006e+03	4.898624e+03
5.358673e-02	4.907006e+03	4.898624e+03
5.632102e-02	4.907006e+03	4.898624e+03
5.919482e-02	4.907006e+03	4.898624e+03
6.221526e-02	4.907006e+03	4.898624e+03
6.538982e-02	4.907006e+03	4.898624e+03
6.872636e-02	4.907006e+03	4.898624e+03
7.223315e-02	4.907006e+03	4.898624e+03
7.591888e-02	4.907006e+03	4.898624e+03
7.979267e-02	4.907006e+03	4.898624e+03
8.386413e-02	4.907006e+03	4.898624e+03
8.814333e-02	4.907006e+03	4.898624e+03
9.264088e-02	4.907006e+03	4.898624e+03
9.736792e-02	4.907006e+03	4.898624e+03
1.023362e-01	4.710495e+03	4.702114e+03
1.075579e-01	4.313391e+03	4.305011e+03
1.130461e-01	3.949823e+03	3.941444e+03
1.188143e-01	3.616959e+03	3.608581e+03
1.248769e-01	4.566842e+03	4.558465e+03
1.312487e-01	4.660401e+03	4.652024e+03
1.379458e-01	4.766266e+03	4.757889e+03
1.449845e-01	4.874540e+03	4.866163e+03
1.523824e-01	4.985273e+03	4.976897e+03
1.601578e-01	5.098516e+03	5.090141e+03
1.683299e-01	5.214335e+03	5.205962e+03
1.769190e-01	5.332877e+03	5.324506e+03
1.859464e-01	5.454439e+03	5.446070e+03
1.954344e-01	5.578776e+03	5.570409e+03
2.054065e-01	5.576517e+03	5.568152e+03
2.158874e-01	5.464597e+03	5.456234e+03
2.269032e-01	5.354926e+03	5.346566e+03
2.384810e-01	5.247460e+03	5.239101e+03
2.506496e-01	5.142136e+03	5.133780e+03
2.634391e-01	5.038624e+03	5.030271e+03
2.768812e-01	4.937200e+03	4.928849e+03
2.910091e-01	4.837820e+03	4.829472e+03
3.058580e-01	4.681522e+03	4.673179e+03
3.214645e-01	4.442027e+03	4.433691e+03
3.378674e-01	4.214805e+03	4.206475e+03
3.551072e-01	3.999259e+03	3.990936e+03
3.732267e-01	3.794830e+03	3.786513e+03
3.922708e-01	3.600873e+03	3.592561e+03
4.122865e-01	3.496376e+03	3.488072e+03
4.333236e-01	3.445650e+03	3.437355e+03
4.554341e-01	4.693038e+03	4.684752e+03
4.786728e-01	1.011198e+04	1.010370e+04
5.030973e-01	1.955731e+04	1.954904e+04
5.287681e-01	1.758138e+04	1.757313e+04
5.557487e-01	1.580512e+04	1.579688e+04
5.841060e-01	1.420827e+04	1.420004e+04
6.139102e-01	1.282739e+04	1.281918e+04
6.452353e-01	1.163874e+04	1.163056e+04
6.781586e-01	1.167862e+04	1.167045e+04
7.127620e-01	1.172537e+04	1.171722e+04
7.491309e-01	1.068977e+04	1.068164e+04
7.873557e-01	9.745697e+03	9.737593e+03
8.275308e-01	9.417419e+03	9.409343e+03
8.697559e-01	8.495047e+03	8.487002e+03
9.141356e-01	7.898525e+03	7.890511e+03
9.607797e-01	7.847676e+03	7.839694e+03
1.009804e+00	7.637248e+03	7.629300e+03
1.061330e+00	6.826648e+03	6.818744e+03
1.115484e+00	6.102163e+03	6.094303e+03
1.172402e+00	5.454643e+03	5.446829e+03
1.232225e+00	4.875910e+03	4.868144e+03
1.295099e+00	4.358656e+03	4.350940e+03
1.361182e+00	3.896347e+03	3.888685e+03
1.430637e+00	3.483146e+03	3.475541e+03
1.503636e+00	3.112841e+03	3.105297e+03
1.580360e+00	2.764672e+03	2.757195e+03
1.660998e+00	2.455521e+03	2.448115e+03
1.745751e+00	2.181013e+03	2.173683e+03
1.834829e+00	1.937264e+03	1.930014e+03
1.928452e+00	1.720826e+03	1.713661e+03
2.026852e+00	1.526806e+03	1.519730e+03
2.130273e+00	1.350307e+03	1.343325e+03
2.238971e+00	1.194280e+03	1.187396e+03
2.353216e+00	1.056348e+03	1.049566e+03
2.473289e+00	9.344106e+02	9.277359e+02
2.599490e+00	8.266102e+02	8.200471e+02
2.732130e+00	7.313054e+02	7.248585e+02
2.871538e+00	6.470453e+02	6.407191e+02
3.018059e+00	5.723107e+02	5.661099e+02
3.172057e+00	5.047378e+02	4.986666e+02
3.333913e+00	4.451955e+02	4.392582e+02
3.504027e+00	3.927268e+02	3.869274e+02
3.682821e+00	3.464888e+02	3.408309e+02
3.870739e+00	9.662881e+02	9.607751e+02
4.068245e+00	1.180050e+03	1.174685e+03
4.275829e+00	1.196582e+03	1.191367e+03
4.494005e+00	1.058321e+03	1.053260e+03
4.723313e+00	9.360682e+02	9.311622e+02
4.964322e+00	8.279679e+02	8.232186e+02
5.217629e+00	7.284019e+02	7.238105e+02
5.483860e+00	6.402537e+02	6.358208e+02
5.763676e+00	5.628021e+02	5.585275e+02
6.057770e+00	4.946070e+02	4.904899e+02
6.366871e+00	4.341849e+02	4.302239e+02
6.691743e+00	3.811696e+02	3.773627e+02
7.033192e+00	3.346519e+02	3.309965e+02
7.392063e+00	2.938341e+02	2.903273e+02
7.769246e+00	2.580167e+02	2.546551e+02
8.165675e+00	2.263453e+02	2.231250e+02
8.582332e+00	1.982808e+02	1.951979e+02
9.020249e+00	1.737159e+02	1.707663e+02
9.480511e+00	1.522131e+02	1.493926e+02
9.964258e+00	1.333898e+02	1.306941e+02
1.047269e+01	1.166400e+02	1.140649e+02
1.100706e+01	1.019917e+02	9.953318e+01
1.156870e+01	8.919831e+01	8.685279e+01
1.215900e+01	7.802377e+01	7.578787e+01
1.277942e+01	6.826199e+01	6.613260e+01
1.343149e+01	5.973322e+01	5.770740e+01
1.411684e+01	5.228059e+01	5.035556e+01
1.483716e+01	4.576726e+01	4.394034e+01
1.559423e+01	4.000418e+01	3.827273e+01
1.638993e+01	3.495787e+01	3.331913e+01
1.722623e+01	3.055565e+01	2.900666e+01
1.810521e+01	2.671472e+01	2.525235e+01
1.902904e+01	2.336297e+01	2.198396e+01
2.000000e+01	2.043759e+01	1.913859e+01
