# Energie (MeV)	µ/rho (cm²/g)	µen/rho (cm²/g)
1.000000e-03	2.156574e+04	2.156204e+04
1.051025e-03	2.156574e+04	2.156204e+04
1.104654e-03	2.156574e+04	2.156204e+04
1.161020e-03	2.156574e+04	2.156204e+04
1.220261e-03	2.156574e+04	2.156204e+04
1.282526e-03	2.156574e+04	2.156204e+04
1.347967e-03	2.156574e+04	2.156204e+04
1.416748e-03	2.156574e+04	2.156204e+04
1.489038e-03	2.156574e+04	2.156204e+04
1.565017e-03	2.156574e+04	2.156204e+04
1.644872e-03	2.156574e+04	2.156204e+04
1.728802e-03	2.156574e+04	2.156204e+04
1.817015e-03	2.156574e+04	2.156204e+04
1.909729e-03	2.156574e+04	2.156204e+04
2.007174e-03	2.156574e+04	2.156204e+04
2.109591e-03	2.156574e+04	2.156204e+04
2.217234e-03	2.156574e+04	2.156204e+04
2.330369e-03	2.156574e+04	2.156204e+04
2.449277e-03	2.156574e+04	2.156204e+04
2.574252e-03	2.156574e+04	2.156204e+04
2.705605e-03	2.156574e+04	2.156204e+04
2.843659e-03	2.156574e+04	2.156204e+04
2.988758e-03	2.156574e+04	2.156204e+04
3.141261e-03	2.156574e+04	2.156204e+04
3.301545e-03	2.156574e+04	2.156204e+04
3.470007e-03	2.156574e+04	2.156204e+04
3.647066e-03	2.156574e+04	2.156204e+04
3.833159e-03	2.156574e+04	2.156204e+04
4.028748e-03	2.156574e+04	2.156204e+04
4.234316e-03	2.156574e+04	2.156204e+04
4.450374e-03	2.156574e+04	2.156204e+04
4.677456e-03	2.156574e+04	2.156204e+04
4.916125e-03	2.156574e+04	2.156204e+04
5.166972e-03	2.156574e+04	2.156204e+04
5.430619e-03	2.156574e+04	2.156204e+04
5.707719e-03	2.156574e+04	2.156204e+04
5.998957e-03	2.156574e+04	2.156204e+04
6.305057e-03	2.156574e+04	2.156204e+04
6.626775e-03	2.156574e+04	2.156204e+04
6.964909e-03	2.156574e+04	2.156204e+04
7.320296e-03	2.156574e+04	2.156204e+04
7.693817e-03	2.156574e+04	2.156204e+04
8.086397e-03	2.156574e+04	2.156204e+04
8.499009e-03	2.156574e+04	2.156204e+04
8.932674e-03	2.156574e+04	2.156204e+04
9.388468e-03	2.156574e+04	2.156204e+04
9.867518e-03	2.156574e+04	2.156204e+04
1.037101e-02	2.156574e+04	2.156204e+04
1.090020e-02	2.156574e+04	2.156204e+04
1.145638e-02	2.156574e+04	2.156204e+04
1.204095e-02	2.156574e+04	2.156204e+04
1.265535e-02	2.156574e+04	2.156204e+04
1.330109e-02	2.156574e+04	2.156204e+04
1.397978e-02	2.156574e+04	2.156204e+04
1.469311e-02	2.156574e+04	2.156204e+04
1.544283e-02	2.156574e+04	2.156204e+04
1.623081e-02	2.156574e+04	2.156204e+04
1.705899e-02	2.156574e+04	2.156204e+04
1.792943e-02	2.156574e+04	2.156204e+04
1.884429e-02	2.156574e+04	2.156204e+04
1.980583e-02	2.156574e+04	2.156204e+04
2.081643e-02	2.156574e+04	2.156204e+04
2.187859e-02	2.156574e+04	2.156204e+04
2.299496e-02	2.156574e+04	2.156204e+04
2.416828e-02	2.156574e+04	2.156204e+04
2.540148e-02	2.156574e+04	2.156204e+04
2.669760e-02	2.156574e+04	2.156204e+04
2.805986e-02	2.156574e+04	2.156204e+04
2.949162e-02	2.156574e+04	2.156204e+04
3.099645e-02	2.156574e+04	2.156204e+04
3.257805e-02	2.156574e+04	2.156204e+04
3.424036e-02	2.156574e+04	2.156204e+04
3.598749e-02	2.156574e+04	2.156204e+04
3.782377e-02	2.156574e+04	2.156204e+04
3.975374e-02	2.156574e+04	2.156204e+04
4.178219e-02	2.156574e+04	2.156204e+04
4.391414e-02	2.156574e+04	2.156204e+04
4.615488e-02	2.156574e+04	2.156204e+04
4.850995e-02	2.156574e+04	2.156204e+04
5.098519e-02	2.156574e+04	2.156204e+04
5.358673e-02	2.156574e+04	2.156204e+04
5.632102e-02	2.156574e+04	2.156204e+04
5.919482e-02	2.156574e+04	2.156204e+04
6.221526e-02	2.156574e+04	2.156204e+04
6.538982e-02	2.156574e+04	2.156204e+04
6.872636e-02	2.156574e+04	2.156204e+04
7.223315e-02	2.156574e+04	2.156204e+04
7.591888e-02	2.156574e+04	2.156204e+04
7.979267e-02	2.156574e+04	2.156204e+04
8.386413e-02	2.156574e+04	2.156204e+04
8.814333e-02	2.156574e+04	2.156204e+04
9.264088e-02	2.156574e+04	2.156204e+04
9.736792e-02	2.156574e+04	2.156204e+04
1.023362e-01	2.108314e+04	2.107944e+04
1.075579e-01	2.007950e+04	2.007581e+04
1.130461e-01	1.912365e+04	1.911996e+04
1.188143e-01	1.821331e+04	1.820962e+04
1.248769e-01	1.734632e+04	1.734262e+04
1.312487e-01	1.652262e+04	1.651892e+04
1.379458e-01	1.573808e+04	1.573439e+04
1.449845e-01	1.499080e+04	1.498711e+04
1.523824e-01	1.418479e+04	1.418110e+04
1.601578e-01	1.323162e+04	1.322793e+04
1.683299e-01	1.234252e+04	1.233883e+04
1.769190e-01	1.151310e+04	1.150941e+04
1.859464e-01	1.073915e+04	1.073547e+04
1.954344e-01	1.001725e+04	1.001356e+04
2.054065e-01	9.269779e+03	9.266097e+03
2.158874e-01	8.519164e+03	8.515485e+03
2.269032e-01	7.829354e+03	7.825677e+03
2.384810e-01	7.195422e+03	7.191748e+03
2.506496e-01	6.597924e+03	6.594253e+03
2.634391e-01	5.806811e+03	5.803143e+03
2.768812e-01	5.110607e+03	5.106942e+03
2.910091e-01	4.497927e+03	4.494264e+03
3.058580e-01	5.867059e+04	5.866693e+04
3.214645e-01	4.577317e+04	4.576952e+04
3.378674e-01	4.148580e+04	4.148215e+04
3.551072e-01	3.771562e+04	3.771198e+04
3.732267e-01	3.454530e+04	3.454166e+04
3.922708e-01	3.514088e+04	3.513725e+04
4.122865e-01	3.183145e+04	3.182782e+04
4.333236e-01	2.862778e+04	2.862416e+04
4.554341e-01	2.574740e+04	2.574379e+04
4.786728e-01	2.315921e+04	2.315561e+04
5.030973e-01	2.080883e+04	2.080524e+04
5.287681e-01	1.855557e+04	1.855199e+04
5.557487e-01	1.654464e+04	1.654107e+04
5.841060e-01	1.474597e+04	1.474240e+04
6.139102e-01	1.312650e+04	1.312296e+04
6.452353e-01	1.166789e+04	1.166436e+04
6.781586e-01	1.037170e+04	1.036819e+04
7.127620e-01	9.207153e+03	9.203654e+03
7.491309e-01	8.154070e+03	8.150589e+03
7.873557e-01	7.221478e+03	7.218012e+03
8.275308e-01	6.381872e+03	6.378427e+03
8.697559e-01	5.634227e+03	5.630805e+03
9.141356e-01	4.989695e+03	4.986295e+03
9.607797e-01	4.449145e+03	4.445768e+03
1.009804e+00	3.955972e+03	3.952618e+03
1.061330e+00	3.476869e+03	3.473545e+03
1.115484e+00	3.055832e+03	3.052537e+03
1.172402e+00	2.685822e+03	2.682557e+03
1.232225e+00	2.360654e+03	2.357421e+03
1.295099e+00	2.074893e+03	2.071692e+03
1.361182e+00	1.823763e+03	1.820594e+03
1.430637e+00	1.603064e+03	1.599931e+03
1.503636e+00	1.408860e+03	1.405763e+03
1.580360e+00	1.233943e+03	1.230885e+03
1.660998e+00	1.080778e+03	1.077761e+03
1.745751e+00	9.466598e+02	9.436864e+02
1.834829e+00	8.292186e+02	8.262907e+02
1.928452e+00	7.263794e+02	7.234992e+02
2.026852e+00	6.358599e+02	6.330292e+02
2.130273e+00	5.555396e+02	5.527606e+02
2.238971e+00	4.853954e+02	4.826702e+02
2.353216e+00	4.241367e+02	4.214672e+02
2.473289e+00	3.706365e+02	3.680249e+02
2.599490e+00	3.239108e+02	3.213590e+02
2.732130e+00	2.831005e+02	2.806105e+02
2.871538e+00	2.474552e+02	2.450288e+02
3.018059e+00	2.162727e+02	2.139117e+02
3.172057e+00	1.887396e+02	1.864456e+02
3.333913e+00	1.647318e+02	1.625061e+02
3.504027e+00	1.437970e+02	1.416405e+02
3.682821e+00	1.140581e+03	1.138494e+03
3.870739e+00	1.005972e+03	1.003955e+03
4.068245e+00	8.864185e+02	8.844716e+02
4.275829e+00	7.800826e+02	7.782051e+02
4.494005e+00	6.857610e+02	6.839524e+02
4.723313e+00	6.023303e+02	6.005896e+02
4.964322e+00	5.287200e+02	5.270460e+02
5.217629e+00	4.639062e+02	4.622974e+02
5.483860e+00	4.068468e+02	4.053017e+02
5.763676e+00	3.565940e+02	3.551105e+02
6.057770e+00	3.123245e+02	3.109005e+02
6.366871e+00	2.733344e+02	2.719677e+02
6.691743e+00	2.390280e+02	2.377164e+02
7.033192e+00	2.088752e+02	2.076166e+02
7.392063e+00	1.824008e+02	1.811930e+02
7.769246e+00	1.591791e+02	1.580203e+02
8.165675e+00	1.388296e+02	1.377180e+02
8.582332e+00	1.210115e+02	1.199452e+02
9.020249e+00	1.054201e+02	1.043976e+02
9.480511e+00	9.178578e+01	9.080560e+01
9.964258e+00	7.987023e+01	7.893127e+01
1.047269e+01	6.946370e+01	6.856485e+01
1.100706e+01	6.038174e+01	5.952195e+01
1.156870e+01	5.246181e+01	5.164001e+01
1.215900e+01	4.556025e+01	4.477539e+01
1.277942e+01	3.955032e+01	3.880133e+01
1.343149e+01	3.432032e+01	3.360614e+01
1.411684e+01	2.977193e+01	2.909148e+01
1.483716e+01	2.581869e+01	2.517087e+01
1.559423e+01	2.238461e+01	2.176830e+01
1.638993e+01	1.940277e+01	1.881675e+01
1.722623e+01	1.681459e+01	1.625753e+01
1.810521e+01	1.456893e+01	1.403943e+01
1.902904e+01	1.262121e+01	1.211782e+01
2.000000e+01	1.093258e+01	1.045382e+01
