# Energie (MeV)	µ/rho (cm²/g)	µen/rho (cm²/g)
1.000000e-03	5.589745e+03	5.580366e+03
1.051025e-03	5.589745e+03	5.580366e+03
1.104654e-03	5.589745e+03	5.580366e+03
1.161020e-03	5.589745e+03	5.580366e+03
1.220261e-03	5.589745e+03	5.580366e+03
1.282526e-03	5.589745e+03	5.580366e+03
1.347967e-03	5.589745e+03	5.580366e+03
1.416748e-03	5.589745e+03	5.580366e+03
1.489038e-03	5.589745e+03	5.580366e+03
1.565017e-03	5.589745e+03	5.580366e+03
1.644872e-03	5.589745e+03	5.580366e+03
1.728802e-03	5.589745e+03	5.580366e+03
1.817015e-03	5.589745e+03	5.580366e+03
1.909729e-03	5.589745e+03	5.580366e+03
2.007174e-03	5.589745e+03	5.580366e+03
2.109591e-03	5.589745e+03	5.580366e+03
2.217234e-03	5.589745e+03	5.580366e+03
2.330369e-03	5.589745e+03	5.580366e+03
2.449277e-03	5.589745e+03	5.580366e+03
2.574252e-03	5.589745e+03	5.580366e+03
2.705605e-03	5.589745e+03	5.580366e+03
2.843659e-03	5.589745e+03	5.580366e+03
2.988758e-03	5.589745e+03	5.580366e+03
3.141261e-03	5.589745e+03	5.580366e+03
3.301545e-03	5.589745e+03	5.580366e+03
3.470007e-03	5.589745e+03	5.580366e+03
3.647066e-03	5.589745e+03	5.580366e+03
3.833159e-03	5.589745e+03	5.580366e+03
4.028748e-03	5.589745e+03	5.580366e+03
4.234316e-03	5.589745e+03	5.580366e+03
4.450374e-03	5.589745e+03	5.580366e+03
4.677456e-03	5.589745e+03	5.580366e+03
4.916125e-03	5.589745e+03	5.580366e+03
5.166972e-03	5.589745e+03	5.580366e+03
5.430619e-03	5.589745e+03	5.580366e+03
5.707719e-03	5.589745e+03	5.580366e+03
5.998957e-03	5.589745e+03	5.580366e+03
6.305057e-03	5.589745e+03	5.580366e+03
6.626775e-03	5.589745e+03	5.580366e+03
6.964909e-03	5.589745e+03	5.580366e+03
7.320296e-03	5.589745e+03	5.580366e+03
7.693817e-03	5.589745e+03	5.580366e+03
8.086397e-03	5.589745e+03	5.580366e+03
8.499009e-03	5.589745e+03	5.580366e+03
8.932674e-03	5.589745e+03	5.580366e+03
9.388468e-03	5.589745e+03	5.580366e+03
9.867518e-03	5.589745e+03	5.580366e+03
1.037101e-02	5.589745e+03	5.580366e+03
1.090020e-02	5.589745e+03	5.580366e+03
1.145638e-02	5.589745e+03	5.580366e+03
1.204095e-02	5.589745e+03	5.580366e+03
1.265535e-02	5.589745e+03	5.580366e+03
1.330109e-02	5.589745e+03	5.580366e+03
1.397978e-02	5.589745e+03	5.580366e+03
1.469311e-02	5.589745e+03	5.580366e+03
1.544283e-02	5.589745e+03	5.580366e+03
1.623081e-02	5.589745e+03	5.580366e+03
1.705899e-02	5.589745e+03	5.580366e+03
1.792943e-02	5.589745e+03	5.580366e+03
1.884429e-02	5.589745e+03	5.580366e+03
1.980583e-02	5.589745e+03	5.580366e+03
2.081643e-02	5.589745e+03	5.580366e+03
2.187859e-02	5.589745e+03	5.580366e+03
2.299496e-02	5.589745e+03	5.580366e+03
2.416828e-02	5.589745e+03	5.580366e+03
2.540148e-02	5.589745e+03	5.580366e+03
2.669760e-02	5.589745e+03	5.580366e+03
2.805986e-02	5.589745e+03	5.580366e+03
2.949162e-02	5.589745e+03	5.580366e+03
3.099645e-02	5.589745e+03	5.580366e+03
3.257805e-02	5.589745e+03	5.580366e+03
3.424036e-02	5.589745e+03	5.580366e+03
3.598749e-02	5.589745e+03	5.580366e+03
3.782377e-02	5.589745e+03	5.580366e+03
3.975374e-02	5.589745e+03	5.580366e+03
4.178219e-02	5.589745e+03	5.580366e+03
4.391414e-02	5.589745e+03	5.580366e+03
4.615488e-02	5.589745e+03	5.580366e+03
4.850995e-02	5.589745e+03	5.580366e+03
5.098519e-02	5.589745e+03	5.580366e+03
5.358673e-02	5.589745e+03	5.580366e+03
5.632102e-02	5.589745e+03	5.580366e+03
5.919482e-02	5.589745e+03	5.580366e+03
6.221526e-02	5.589745e+03	5.580366e+03
6.538982e-02	5.589745e+03	5.580366e+03
6.872636e-02	5.589745e+03	5.580366e+03
7.223315e-02	5.589745e+03	5.580366e+03
7.591888e-02	5.589745e+03	5.580366e+03
7.979267e-02	5.589745e+03	5.580366e+03
8.386413e-02	5.589745e+03	5.580366e+03
8.814333e-02	5.589745e+03	5.580366e+03
9.264088e-02	5.589745e+03	5.580366e+03
9.736792e-02	5.589745e+03	5.580366e+03
1.023362e-01	5.392927e+03	5.383549e+03
1.075579e-01	5.346793e+03	5.337415e+03
1.130461e-01	4.949358e+03	4.939981e+03
1.188143e-01	4.581516e+03	4.572140e+03
1.248769e-01	4.241065e+03	4.231690e+03
1.312487e-01	3.926015e+03	3.916642e+03
1.379458e-01	3.634422e+03	3.625050e+03
1.449845e-01	3.364538e+03	3.355167e+03
1.523824e-01	3.231337e+03	3.221968e+03
1.601578e-01	3.359710e+03	3.350343e+03
1.683299e-01	3.493197e+03	3.483833e+03
1.769190e-01	3.633058e+03	3.623697e+03
1.859464e-01	3.782445e+03	3.773087e+03
1.954344e-01	3.937991e+03	3.928636e+03
2.054065e-01	6.107340e+03	6.097989e+03
2.158874e-01	6.350084e+03	6.340738e+03
2.269032e-01	6.537216e+03	6.527875e+03
2.384810e-01	6.618923e+03	6.609587e+03
2.506496e-01	6.655020e+03	6.645689e+03
2.634391e-01	6.599646e+03	6.590319e+03
2.768812e-01	7.550175e+03	7.540853e+03
2.910091e-01	7.487347e+03	7.478030e+03
3.058580e-01	7.354446e+03	7.345135e+03
3.214645e-01	7.116157e+03	7.106854e+03
3.378674e-01	6.885599e+03	6.876304e+03
3.551072e-01	6.662653e+03	6.653367e+03
3.732267e-01	6.447250e+03	6.437974e+03
3.922708e-01	6.238820e+03	6.229554e+03
4.122865e-01	5.965883e+03	5.956629e+03
4.333236e-01	5.661405e+03	5.652165e+03
4.554341e-01	5.372369e+03	5.363144e+03
4.786728e-01	5.097757e+03	5.088548e+03
5.030973e-01	4.829840e+03	4.820648e+03
5.287681e-01	4.527069e+03	4.517898e+03
5.557487e-01	4.243308e+03	4.234157e+03
5.841060e-01	3.977354e+03	3.968222e+03
6.139102e-01	3.712046e+03	3.702940e+03
6.452353e-01	3.447004e+03	3.437929e+03
6.781586e-01	3.201132e+03	3.192089e+03
7.127620e-01	2.965756e+03	2.956745e+03
7.491309e-01	2.736205e+03	2.727224e+03
7.873557e-01	2.524471e+03	2.515521e+03
8.275308e-01	3.461647e+03	3.452737e+03
8.697559e-01	7.523747e+03	7.514883e+03
9.141356e-01	1.026895e+04	1.026013e+04
9.607797e-01	9.351077e+03	9.342301e+03
1.009804e+00	8.890476e+03	8.881745e+03
1.061330e+00	7.952962e+03	7.944290e+03
1.115484e+00	7.166891e+03	7.158279e+03
1.172402e+00	7.334451e+03	7.325899e+03
1.232225e+00	7.014496e+03	7.006006e+03
1.295099e+00	6.280954e+03	6.272529e+03
1.361182e+00	5.660207e+03	5.651850e+03
1.430637e+00	5.297924e+03	5.289638e+03
1.503636e+00	4.746319e+03	4.738109e+03
1.580360e+00	4.233180e+03	4.225050e+03
1.660998e+00	3.775591e+03	3.767547e+03
1.745751e+00	3.367539e+03	3.359583e+03
1.834829e+00	3.003657e+03	2.995796e+03
1.928452e+00	2.679164e+03	2.671401e+03
2.026852e+00	2.386006e+03	2.378345e+03
2.130273e+00	2.115813e+03	2.108258e+03
2.238971e+00	1.876287e+03	1.868843e+03
2.353216e+00	1.663945e+03	1.656616e+03
2.473289e+00	1.475699e+03	1.468489e+03
2.599490e+00	1.308814e+03	1.301726e+03
2.732130e+00	1.160862e+03	1.153901e+03
2.871538e+00	1.029694e+03	1.022863e+03
3.018059e+00	9.129293e+02	9.062334e+02
3.172057e+00	8.064099e+02	7.998516e+02
3.333913e+00	7.123750e+02	7.059579e+02
3.504027e+00	6.293590e+02	6.230862e+02
3.682821e+00	5.560680e+02	5.499428e+02
3.870739e+00	4.913604e+02	4.853856e+02
4.068245e+00	4.338858e+02	4.280642e+02
4.275829e+00	3.825924e+02	3.769263e+02
4.494005e+00	3.374064e+02	3.318974e+02
4.723313e+00	2.975986e+02	2.922479e+02
4.964322e+00	2.625271e+02	2.573350e+02
5.217629e+00	2.313308e+02	2.262972e+02
5.483860e+00	5.760668e+02	5.711916e+02
5.763676e+00	5.108540e+02	5.061370e+02
6.057770e+00	6.165901e+02	6.120310e+02
6.366871e+00	6.260818e+02	6.216802e+02
6.691743e+00	5.524769e+02	5.482324e+02
7.033192e+00	4.875503e+02	4.834621e+02
7.392063e+00	4.302768e+02	4.263439e+02
7.769246e+00	3.797526e+02	3.759740e+02
8.165675e+00	3.344051e+02	3.307792e+02
8.582332e+00	2.935202e+02	2.900452e+02
9.020249e+00	2.576539e+02	2.543274e+02
9.480511e+00	2.261889e+02	2.230081e+02
9.964258e+00	1.985841e+02	1.955457e+02
1.047269e+01	1.740373e+02	1.711376e+02
1.100706e+01	1.525188e+02	1.497540e+02
1.156870e+01	1.336765e+02	1.310422e+02
1.215900e+01	1.171765e+02	1.146685e+02
1.277942e+01	1.027270e+02	1.003406e+02
1.343149e+01	9.007242e+01	8.780307e+01
1.411684e+01	7.898907e+01	7.683207e+01
1.483716e+01	6.928126e+01	6.723190e+01
1.559423e+01	6.064891e+01	5.870252e+01
1.638993e+01	5.307139e+01	5.122365e+01
1.722623e+01	4.645052e+01	4.469762e+01
1.810521e+01	4.066455e+01	3.900302e+01
1.902904e+01	3.560721e+01	3.403393e+01
2.000000e+01	3.118583e+01	2.969791e+01
