# Energie (MeV)	µ/rho (cm²/g)	µen/rho (cm²/g)
1.000000e-03	1.372716e+05	1.372693e+05
1.051025e-03	1.372716e+05	1.372693e+05
1.104654e-03	1.372716e+05	1.372693e+05
1.161020e-03	1.372716e+05	1.372693e+05
1.220261e-03	1.372716e+05	1.372693e+05
1.282526e-03	1.372716e+05	1.372693e+05
1.347967e-03	1.372716e+05	1.372693e+05
1.416748e-03	1.372716e+05	1.372693e+05
1.489038e-03	1.372716e+05	1.372693e+05
1.565017e-03	1.372716e+05	1.372693e+05
1.644872e-03	1.372716e+05	1.372693e+05
1.728802e-03	1.372716e+05	1.372693e+05
1.817015e-03	1.372716e+05	1.372693e+05
1.909729e-03	1.372716e+05	1.372693e+05
2.007174e-03	1.372716e+05	1.372693e+05
2.109591e-03	1.372716e+05	1.372693e+05
2.217234e-03	1.372716e+05	1.372693e+05
2.330369e-03	1.372716e+05	1.372693e+05
2.449277e-03	1.372716e+05	1.372693e+05
2.574252e-03	1.372716e+05	1.372693e+05
2.705605e-03	1.372716e+05	1.372693e+05
2.843659e-03	1.372716e+05	1.372693e+05
2.988758e-03	1.372716e+05	1.372693e+05
3.141261e-03	1.372716e+05	1.372693e+05
3.301545e-03	1.372716e+05	1.372693e+05
3.470007e-03	1.372716e+05	1.372693e+05
3.647066e-03	1.372716e+05	1.372693e+05
3.833159e-03	1.372716e+05	1.372693e+05
4.028748e-03	1.372716e+05	1.372693e+05
4.234316e-03	1.372716e+05	1.372693e+05
4.450374e-03	1.372716e+05	1.372693e+05
4.677456e-03	1.372716e+05	1.372693e+05
4.916125e-03	1.372716e+05	1.372693e+05
5.166972e-03	1.372716e+05	1.372693e+05
5.430619e-03	1.372716e+05	1.372693e+05
5.707719e-03	1.372716e+05	1.372693e+05
5.998957e-03	1.372716e+05	1.372693e+05
6.305057e-03	1.372716e+05	1.372693e+05
6.626775e-03	1.372716e+05	1.372693e+05
6.964909e-03	1.372716e+05	1.372693e+05
7.320296e-03	1.372716e+05	1.372693e+05
7.693817e-03	1.372716e+05	1.372693e+05
8.086397e-03	1.372716e+05	1.372693e+05
8.499009e-03	1.372716e+05	1.372693e+05
8.932674e-03	1.372716e+05	1.372693e+05
9.388468e-03	1.372716e+05	1.372693e+05
9.867518e-03	1.372716e+05	1.372693e+05
1.037101e-02	1.372716e+05	1.372693e+05
1.090020e-02	1.372716e+05	1.372693e+05
1.145638e-02	1.372716e+05	1.372693e+05
1.204095e-02	1.372716e+05	1.372693e+05
1.265535e-02	1.372716e+05	1.372693e+05
1.330109e-02	1.372716e+05	1.372693e+05
1.397978e-02	1.372716e+05	1.372693e+05
1.469311e-02	1.372716e+05	1.372693e+05
1.544283e-02	1.372716e+05	1.372693e+05
1.623081e-02	1.372716e+05	1.372693e+05
1.705899e-02	1.372716e+05	1.372693e+05
1.792943e-02	1.372716e+05	1.372693e+05
1.884429e-02	1.372716e+05	1.372693e+05
1.980583e-02	1.372716e+05	1.372693e+05
2.081643e-02	1.372716e+05	1.372693e+05
2.187859e-02	1.372716e+05	1.372693e+05
2.299496e-02	1.372716e+05	1.372693e+05
2.416828e-02	1.372716e+05	1.372693e+05
2.540148e-02	1.372716e+05	1.372693e+05
2.669760e-02	1.372716e+05	1.372693e+05
2.805986e-02	1.372716e+05	1.372693e+05
2.949162e-02	1.372716e+05	1.372693e+05
3.099645e-02	1.372716e+05	1.372693e+05
3.257805e-02	1.372716e+05	1.372693e+05
3.424036e-02	1.372716e+05	1.372693e+05
3.598749e-02	1.372716e+05	1.372693e+05
3.782377e-02	1.372716e+05	1.372693e+05
3.975374e-02	1.372716e+05	1.372693e+05
4.178219e-02	1.372716e+05	1.372693e+05
4.391414e-02	1.372716e+05	1.372693e+05
4.615488e-02	1.372716e+05	1.372693e+05
4.850995e-02	1.372716e+05	1.372693e+05
5.098519e-02	1.372716e+05	1.372693e+05
5.358673e-02	1.372716e+05	1.372693e+05
5.632102e-02	1.372716e+05	1.372693e+05
5.919482e-02	1.372716e+05	1.372693e+05
6.221526e-02	1.372716e+05	1.372693e+05
6.538982e-02	1.372716e+05	1.372693e+05
6.872636e-02	1.372716e+05	1.372693e+05
7.223315e-02	1.372716e+05	1.372693e+05
7.591888e-02	1.372716e+05	1.372693e+05
7.979267e-02	1.372716e+05	1.372693e+05
8.386413e-02	1.372716e+05	1.372693e+05
8.814333e-02	1.372716e+05	1.372693e+05
9.264088e-02	1.372716e+05	1.372693e+05
9.736792e-02	1.372716e+05	1.372693e+05
1.023362e-01	1.324351e+05	1.324327e+05
1.075579e-01	1.225835e+05	1.225812e+05
1.130461e-01	1.134649e+05	1.134625e+05
1.188143e-01	1.050245e+05	1.050221e+05
1.248769e-01	9.721201e+04	9.720964e+04
1.312487e-01	8.998093e+04	8.997857e+04
1.379458e-01	8.328776e+04	8.328539e+04
1.449845e-01	7.709246e+04	7.709009e+04
1.523824e-01	7.090248e+04	7.090011e+04
1.601578e-01	6.431403e+04	6.431167e+04
1.683299e-01	5.833783e+04	5.833546e+04
1.769190e-01	5.291778e+04	5.291541e+04
1.859464e-01	4.800396e+04	4.800160e+04
1.954344e-01	4.354645e+04	4.354409e+04
2.054065e-01	3.923697e+04	3.923461e+04
2.158874e-01	3.514782e+04	3.514545e+04
2.269032e-01	3.148485e+04	3.148249e+04
2.384810e-01	2.820364e+04	2.820128e+04
2.506496e-01	2.526428e+04	2.526192e+04
2.634391e-01	2.262900e+04	2.262665e+04
2.768812e-01	2.026863e+04	2.026628e+04
2.910091e-01	1.815449e+04	1.815214e+04
3.058580e-01	1.621998e+04	1.621764e+04
3.214645e-01	1.443432e+04	1.443198e+04
3.378674e-01	1.284527e+04	1.284293e+04
3.551072e-01	1.143114e+04	1.142880e+04
3.732267e-01	1.017263e+04	1.017030e+04
3.922708e-01	9.052708e+03	9.050373e+03
4.122865e-01	8.027131e+03	8.024800e+03
4.333236e-01	7.101257e+03	7.098931e+03
4.554341e-01	6.282213e+03	6.279892e+03
4.786728e-01	5.557687e+03	5.555370e+03
5.030973e-01	4.916206e+03	4.913895e+03
5.287681e-01	4.345405e+03	4.343100e+03
5.557487e-01	3.840781e+03	3.838484e+03
5.841060e-01	3.394368e+03	3.392077e+03
6.139102e-01	2.990608e+03	2.988326e+03
6.452353e-01	2.625380e+03	2.623108e+03
6.781586e-01	2.305416e+03	2.303154e+03
7.127620e-01	2.029400e+03	2.027149e+03
7.491309e-01	1.793938e+03	1.791697e+03
7.873557e-01	1.585823e+03	1.583592e+03
8.275308e-01	1.390984e+03	1.388767e+03
8.697559e-01	1.215641e+03	1.213439e+03
9.141356e-01	1.078529e+03	1.076342e+03
9.607797e-01	9.889725e+02	9.867997e+02
1.009804e+00	8.986624e+02	8.965053e+02
1.061330e+00	7.867343e+02	7.845977e+02
1.115484e+00	6.887753e+02	6.866591e+02
1.172402e+00	6.025433e+02	6.004479e+02
1.232225e+00	5.267346e+02	5.246604e+02
1.295099e+00	4.604909e+02	4.584386e+02
1.361182e+00	4.959796e+03	4.957767e+03
1.430637e+00	4.452843e+03	4.450838e+03
1.503636e+00	3.981285e+03	3.979304e+03
1.580360e+00	3.539516e+03	3.537563e+03
1.660998e+00	3.131013e+03	3.129087e+03
1.745751e+00	2.758901e+03	2.757005e+03
1.834829e+00	2.424309e+03	2.422442e+03
1.928452e+00	2.126817e+03	2.124981e+03
2.026852e+00	1.864882e+03	1.863077e+03
2.130273e+00	1.635515e+03	1.633741e+03
2.238971e+00	1.434489e+03	1.432748e+03
2.353216e+00	1.258062e+03	1.256352e+03
2.473289e+00	1.103037e+03	1.101361e+03
2.599490e+00	9.666835e+02	9.650403e+02
2.732130e+00	8.466547e+02	8.450453e+02
2.871538e+00	7.409327e+02	7.393574e+02
3.018059e+00	6.477748e+02	6.462341e+02
3.172057e+00	5.657097e+02	5.642039e+02
3.333913e+00	4.935388e+02	4.920684e+02
3.504027e+00	4.301843e+02	4.287499e+02
3.682821e+00	3.746632e+02	3.732654e+02
3.870739e+00	3.260832e+02	3.247226e+02
4.068245e+00	2.836378e+02	2.823149e+02
4.275829e+00	2.465905e+02	2.453061e+02
4.494005e+00	2.142721e+02	2.130269e+02
4.723313e+00	1.860928e+02	1.848873e+02
4.964322e+00	1.615349e+02	1.603697e+02
5.217629e+00	1.401439e+02	1.390194e+02
5.483860e+00	1.215227e+02	1.204394e+02
5.763676e+00	1.053226e+02	1.042807e+02
6.057770e+00	9.123767e+01	9.023713e+01
6.366871e+00	7.899967e+01	7.804044e+01
6.691743e+00	6.837343e+01	6.745516e+01
7.033192e+00	5.915294e+01	5.827508e+01
7.392063e+00	5.115743e+01	5.031922e+01
7.769246e+00	4.422844e+01	4.342896e+01
8.165675e+00	3.822710e+01	3.746528e+01
8.582332e+00	3.303150e+01	3.230614e+01
9.020249e+00	2.853497e+01	2.784470e+01
9.480511e+00	2.464463e+01	2.398798e+01
9.964258e+00	2.127985e+01	2.065527e+01
1.047269e+01	1.837082e+01	1.777671e+01
1.100706e+01	1.585706e+01	1.529180e+01
1.156870e+01	1.368606e+01	1.314806e+01
1.215900e+01	1.181210e+01	1.129979e+01
1.277942e+01	1.019535e+01	9.707205e+00
1.343149e+01	8.801171e+00	8.335706e+00
1.411684e+01	7.599466e+00	7.155244e+00
1.483716e+01	6.564094e+00	6.139739e+00
1.559423e+01	5.672346e+00	5.266544e+00
1.638993e+01	4.904485e+00	4.515996e+00
1.722623e+01	4.243410e+00	3.871066e+00
1.810521e+01	3.674360e+00	3.317063e+00
1.902904e+01	3.184598e+00	2.841317e+00
2.000000e+01	2.763140e+00	2.432907e+00
