# Energie (MeV)	µ/rho (cm²/g)	µen/rho (cm²/g)
1.000000e-03	4.617309e+03	4.609939e+03
1.051025e-03	4.617309e+03	4.609939e+03
1.104654e-03	4.617309e+03	4.609939e+03
1.161020e-03	4.617309e+03	4.609939e+03
1.220261e-03	4.617309e+03	4.609939e+03
1.282526e-03	4.617309e+03	4.609939e+03
1.347967e-03	4.617309e+03	4.609939e+03
1.416748e-03	4.617309e+03	4.609939e+03
1.489038e-03	4.617309e+03	4.609939e+03
1.565017e-03	4.617309e+03	4.609939e+03
1.644872e-03	4.617309e+03	4.609939e+03
1.728802e-03	4.617309e+03	4.609939e+03
1.817015e-03	4.617309e+03	4.609939e+03
1.909729e-03	4.617309e+03	4.609939e+03
2.007174e-03	4.617309e+03	4.609939e+03
2.109591e-03	4.617309e+03	4.609939e+03
2.217234e-03	4.617309e+03	4.609939e+03
2.330369e-03	4.617309e+03	4.609939e+03
2.449277e-03	4.617309e+03	4.609939e+03
2.574252e-03	4.617309e+03	4.609939e+03
2.705605e-03	4.617309e+03	4.609939e+03
2.843659e-03	4.617309e+03	4.609939e+03
2.988758e-03	4.617309e+03	4.609939e+03
3.141261e-03	4.617309e+03	4.609939e+03
3.301545e-03	4.617309e+03	4.609939e+03
3.470007e-03	4.617309e+03	4.609939e+03
3.647066e-03	4.617309e+03	4.609939e+03
3.833159e-03	4.617309e+03	4.609939e+03
4.028748e-03	4.617309e+03	4.609939e+03
4.234316e-03	4.617309e+03	4.609939e+03
4.450374e-03	4.617309e+03	4.609939e+03
4.677456e-03	4.617309e+03	4.609939e+03
4.916125e-03	4.617309e+03	4.609939e+03
5.166972e-03	4.617309e+03	4.609939e+03
5.430619e-03	4.617309e+03	4.609939e+03
5.707719e-03	4.617309e+03	4.609939e+03
5.998957e-03	4.617309e+03	4.609939e+03
6.305057e-03	4.617309e+03	4.609939e+03
6.626775e-03	4.617309e+03	4.609939e+03
6.964909e-03	4.617309e+03	4.609939e+03
7.320296e-03	4.617309e+03	4.609939e+03
7.693817e-03	4.617309e+03	4.609939e+03
8.086397e-03	4.617309e+03	4.609939e+03
8.499009e-03	4.617309e+03	4.609939e+03
8.932674e-03	4.617309e+03	4.609939e+03
9.388468e-03	4.617309e+03	4.609939e+03
9.867518e-03	4.617309e+03	4.609939e+03
1.037101e-02	4.617309e+03	4.609939e+03
1.090020e-02	4.617309e+03	4.609939e+03
1.145638e-02	4.617309e+03	4.609939e+03
1.204095e-02	4.617309e+03	4.609939e+03
1.265535e-02	4.617309e+03	4.609939e+03
1.330109e-02	4.617309e+03	4.609939e+03
1.397978e-02	4.617309e+03	4.609939e+03
1.469311e-02	4.617309e+03	4.609939e+03
1.544283e-02	4.617309e+03	4.609939e+03
1.623081e-02	4.617309e+03	4.609939e+03
1.705899e-02	4.617309e+03	4.609939e+03
1.792943e-02	4.617309e+03	4.609939e+03
1.884429e-02	4.617309e+03	4.609939e+03
1.980583e-02	4.617309e+03	4.609939e+03
2.081643e-02	4.617309e+03	4.609939e+03
2.187859e-02	4.617309e+03	4.609939e+03
2.299496e-02	4.617309e+03	4.609939e+03
2.416828e-02	4.617309e+03	4.609939e+03
2.540148e-02	4.617309e+03	4.609939e+03
2.669760e-02	4.617309e+03	4.609939e+03
2.805986e-02	4.617309e+03	4.609939e+03
2.949162e-02	4.617309e+03	4.609939e+03
3.099645e-02	4.617309e+03	4.609939e+03
3.257805e-02	4.617309e+03	4.609939e+03
3.424036e-02	4.617309e+03	4.609939e+03
3.598749e-02	4.617309e+03	4.609939e+03
3.782377e-02	4.617309e+03	4.609939e+03
3.975374e-02	4.617309e+03	4.609939e+03
4.178219e-02	4.617309e+03	4.609939e+03
4.391414e-02	4.617309e+03	4.609939e+03
4.615488e-02	4.617309e+03	4.609939e+03
4.850995e-02	4.617309e+03	4.609939e+03
5.098519e-02	4.617309e+03	4.609939e+03
5.358673e-02	4.617309e+03	4.609939e+03
5.632102e-02	4.617309e+03	4.609939e+03
5.919482e-02	4.617309e+03	4.609939e+03
6.221526e-02	4.617309e+03	4.609939e+03
6.538982e-02	4.617309e+03	4.609939e+03
6.872636e-02	4.617309e+03	4.609939e+03
7.223315e-02	4.617309e+03	4.609939e+03
7.591888e-02	4.617309e+03	4.609939e+03
7.979267e-02	4.617309e+03	4.609939e+03
8.386413e-02	4.617309e+03	4.609939e+03
8.814333e-02	4.617309e+03	4.609939e+03
9.264088e-02	4.617309e+03	4.609939e+03
9.736792e-02	4.617309e+03	4.609939e+03
1.023362e-01	4.622550e+03	4.615181e+03
1.075579e-01	4.633864e+03	4.626497e+03
1.130461e-01	4.645206e+03	4.637840e+03
1.188143e-01	4.656576e+03	4.649211e+03
1.248769e-01	4.667974e+03	4.660610e+03
1.312487e-01	4.679311e+03	4.671948e+03
1.379458e-01	4.690674e+03	4.683311e+03
1.449845e-01	4.702065e+03	4.694701e+03
1.523824e-01	4.673293e+03	4.665930e+03
1.601578e-01	4.559612e+03	4.552251e+03
1.683299e-01	4.448701e+03	4.441342e+03
1.769190e-01	4.340507e+03	4.333150e+03
1.859464e-01	4.234997e+03	4.227643e+03
1.954344e-01	4.132057e+03	4.124704e+03
2.054065e-01	4.520739e+03	4.513389e+03
2.158874e-01	5.461787e+03	5.454440e+03
2.269032e-01	6.599046e+03	6.591702e+03
2.384810e-01	1.064153e+04	1.063419e+04
2.506496e-01	1.287031e+04	1.286297e+04
2.634391e-01	1.582260e+04	1.581527e+04
2.768812e-01	1.945251e+04	1.944518e+04
2.910091e-01	2.391555e+04	2.390823e+04
3.058580e-01	2.663598e+04	2.662866e+04
3.214645e-01	2.539438e+04	2.538706e+04
3.378674e-01	2.421066e+04	2.420335e+04
3.551072e-01	2.310315e+04	2.309584e+04
3.732267e-01	2.209521e+04	2.208791e+04
3.922708e-01	2.113126e+04	2.112396e+04
4.122865e-01	2.278748e+04	2.278019e+04
4.333236e-01	2.124332e+04	2.123604e+04
4.554341e-01	1.980359e+04	1.979632e+04
4.786728e-01	1.846075e+04	1.845349e+04
5.030973e-01	1.716733e+04	1.716008e+04
5.287681e-01	1.659417e+04	1.658694e+04
5.557487e-01	1.515916e+04	1.515194e+04
5.841060e-01	1.381300e+04	1.380578e+04
6.139102e-01	1.255221e+04	1.254502e+04
6.452353e-01	1.137025e+04	1.136308e+04
6.781586e-01	1.029705e+04	1.028990e+04
7.127620e-01	9.315339e+03	9.308206e+03
7.491309e-01	8.412292e+03	8.405179e+03
7.873557e-01	7.596851e+03	7.589759e+03
8.275308e-01	6.829736e+03	6.822671e+03
8.697559e-01	6.127166e+03	6.120129e+03
9.141356e-01	5.570196e+03	5.563189e+03
9.607797e-01	5.213032e+03	5.206057e+03
1.009804e+00	4.831627e+03	4.824687e+03
1.061330e+00	4.303175e+03	4.296277e+03
1.115484e+00	3.832595e+03	3.825740e+03
1.172402e+00	3.413548e+03	3.406737e+03
1.232225e+00	3.040389e+03	3.033625e+03
1.295099e+00	2.708091e+03	2.701376e+03
1.361182e+00	2.412180e+03	2.405516e+03
1.430637e+00	2.148667e+03	2.142059e+03
1.503636e+00	1.913547e+03	1.906998e+03
1.580360e+00	1.696265e+03	1.689781e+03
1.660998e+00	1.503721e+03	1.497305e+03
1.745751e+00	1.333097e+03	1.326754e+03
1.834829e+00	1.181895e+03	1.175630e+03
1.928452e+00	1.047903e+03	1.041719e+03
2.026852e+00	9.283804e+02	9.222822e+02
2.130273e+00	8.206672e+02	8.146579e+02
2.238971e+00	7.255094e+02	7.195926e+02
2.353216e+00	6.414413e+02	6.356209e+02
2.473289e+00	5.671686e+02	5.614481e+02
2.599490e+00	1.802302e+03	1.796685e+03
2.732130e+00	2.205018e+03	2.199508e+03
2.871538e+00	2.232220e+03	2.226821e+03
3.018059e+00	1.981069e+03	1.975784e+03
3.172057e+00	1.746322e+03	1.741154e+03
3.333913e+00	1.539435e+03	1.534387e+03
3.504027e+00	1.357099e+03	1.352174e+03
3.682821e+00	1.196400e+03	1.191599e+03
3.870739e+00	1.054767e+03	1.050093e+03
4.068245e+00	9.290307e+02	9.244855e+02
4.275829e+00	8.167706e+02	8.123549e+02
4.494005e+00	7.181100e+02	7.138247e+02
4.723313e+00	6.313997e+02	6.272451e+02
4.964322e+00	5.551906e+02	5.511668e+02
5.217629e+00	4.871085e+02	4.832152e+02
5.483860e+00	4.272428e+02	4.234793e+02
5.763676e+00	3.747629e+02	3.711280e+02
6.057770e+00	3.286258e+02	3.251180e+02
6.366871e+00	2.877161e+02	2.843337e+02
6.691743e+00	2.519244e+02	2.486655e+02
7.033192e+00	2.206089e+02	2.174718e+02
7.392063e+00	1.932086e+02	1.901911e+02
7.769246e+00	1.692326e+02	1.663326e+02
8.165675e+00	1.481148e+02	1.453302e+02
8.582332e+00	1.294804e+02	1.268092e+02
9.020249e+00	1.132083e+02	1.106484e+02
9.480511e+00	9.899744e+01	9.654726e+01
9.964258e+00	8.658528e+01	8.424316e+01
1.047269e+01	7.559871e+01	7.336305e+01
1.100706e+01	6.600938e+01	6.387840e+01
1.156870e+01	5.764825e+01	5.561997e+01
1.215900e+01	5.035699e+01	4.842922e+01
1.277942e+01	4.399776e+01	4.216811e+01
1.343149e+01	3.845054e+01	3.671646e+01
1.411684e+01	3.361084e+01	3.196963e+01
1.483716e+01	2.938767e+01	2.783648e+01
1.559423e+01	2.566526e+01	2.420109e+01
1.638993e+01	2.241201e+01	2.103155e+01
1.722623e+01	1.957753e+01	1.827711e+01
1.810521e+01	1.710770e+01	1.588341e+01
1.902904e+01	1.495543e+01	1.380321e+01
2.000000e+01	1.307976e+01	1.199544e+01
