# Energie (MeV)	µ/rho (cm²/g)	µen/rho (cm²/g)
1.000000e-03	4.710038e+03	4.702784e+03
1.051025e-03	4.710038e+03	4.702784e+03
1.104654e-03	4.710038e+03	4.702784e+03
1.161020e-03	4.710038e+03	4.702784e+03
1.220261e-03	4.710038e+03	4.702784e+03
1.282526e-03	4.710038e+03	4.702784e+03
1.347967e-03	4.710038e+03	4.702784e+03
1.416748e-03	4.710038e+03	4.702784e+03
1.489038e-03	4.710038e+03	4.702784e+03
1.565017e-03	4.710038e+03	4.702784e+03
1.644872e-03	4.710038e+03	4.702784e+03
1.728802e-03	4.710038e+03	4.702784e+03
1.817015e-03	4.710038e+03	4.702784e+03
1.909729e-03	4.710038e+03	4.702784e+03
2.007174e-03	4.710038e+03	4.702784e+03
2.109591e-03	4.710038e+03	4.702784e+03
2.217234e-03	4.710038e+03	4.702784e+03
2.330369e-03	4.710038e+03	4.702784e+03
2.449277e-03	4.710038e+03	4.702784e+03
2.574252e-03	4.710038e+03	4.702784e+03
2.705605e-03	4.710038e+03	4.702784e+03
2.843659e-03	4.710038e+03	4.702784e+03
2.988758e-03	4.710038e+03	4.702784e+03
3.141261e-03	4.710038e+03	4.702784e+03
3.301545e-03	4.710038e+03	4.702784e+03
3.470007e-03	4.710038e+03	4.702784e+03
3.647066e-03	4.710038e+03	4.702784e+03
3.833159e-03	4.710038e+03	4.702784e+03
4.028748e-03	4.710038e+03	4.702784e+03
4.234316e-03	4.710038e+03	4.702784e+03
4.450374e-03	4.710038e+03	4.702784e+03
4.677456e-03	4.710038e+03	4.702784e+03
4.916125e-03	4.710038e+03	4.702784e+03
5.166972e-03	4.710038e+03	4.702784e+03
5.430619e-03	4.710038e+03	4.702784e+03
5.707719e-03	4.710038e+03	4.702784e+03
5.998957e-03	4.710038e+03	4.702784e+03
6.305057e-03	4.710038e+03	4.702784e+03
6.626775e-03	4.710038e+03	4.702784e+03
6.964909e-03	4.710038e+03	4.702784e+03
7.320296e-03	4.710038e+03	4.702784e+03
7.693817e-03	4.710038e+03	4.702784e+03
8.086397e-03	4.710038e+03	4.702784e+03
8.499009e-03	4.710038e+03	4.702784e+03
8.932674e-03	4.710038e+03	4.702784e+03
9.388468e-03	4.710038e+03	4.702784e+03
9.867518e-03	4.710038e+03	4.702784e+03
1.037101e-02	4.710038e+03	4.702784e+03
1.090020e-02	4.710038e+03	4.702784e+03
1.145638e-02	4.710038e+03	4.702784e+03
1.204095e-02	4.710038e+03	4.702784e+03
1.265535e-02	4.710038e+03	4.702784e+03
1.330109e-02	4.710038e+03	4.702784e+03
1.397978e-02	4.710038e+03	4.702784e+03
1.469311e-02	4.710038e+03	4.702784e+03
1.544283e-02	4.710038e+03	4.702784e+03
1.623081e-02	4.710038e+03	4.702784e+03
1.705899e-02	4.710038e+03	4.702784e+03
1.792943e-02	4.710038e+03	4.702784e+03
1.884429e-02	4.710038e+03	4.702784e+03
1.980583e-02	4.710038e+03	4.702784e+03
2.081643e-02	4.710038e+03	4.702784e+03
2.187859e-02	4.710038e+03	4.702784e+03
2.299496e-02	4.710038e+03	4.702784e+03
2.416828e-02	4.710038e+03	4.702784e+03
2.540148e-02	4.710038e+03	4.702784e+03
2.669760e-02	4.710038e+03	4.702784e+03
2.805986e-02	4.710038e+03	4.702784e+03
2.949162e-02	4.710038e+03	4.702784e+03
3.099645e-02	4.710038e+03	4.702784e+03
3.257805e-02	4.710038e+03	4.702784e+03
3.424036e-02	4.710038e+03	4.702784e+03
3.598749e-02	4.710038e+03	4.702784e+03
3.782377e-02	4.710038e+03	4.702784e+03
3.975374e-02	4.710038e+03	4.702784e+03
4.178219e-02	4.710038e+03	4.702784e+03
4.391414e-02	4.710038e+03	4.702784e+03
4.615488e-02	4.710038e+03	4.702784e+03
4.850995e-02	4.710038e+03	4.702784e+03
5.098519e-02	4.710038e+03	4.702784e+03
5.358673e-02	4.710038e+03	4.702784e+03
5.632102e-02	4.710038e+03	4.702784e+03
5.919482e-02	4.710038e+03	4.702784e+03
6.221526e-02	4.710038e+03	4.702784e+03
6.538982e-02	4.710038e+03	4.702784e+03
6.872636e-02	4.710038e+03	4.702784e+03
7.223315e-02	4.710038e+03	4.702784e+03
7.591888e-02	4.710038e+03	4.702784e+03
7.979267e-02	4.710038e+03	4.702784e+03
8.386413e-02	4.710038e+03	4.702784e+03
8.814333e-02	4.710038e+03	4.702784e+03
9.264088e-02	4.710038e+03	4.702784e+03
9.736792e-02	4.710038e+03	4.702784e+03
1.023362e-01	4.695939e+03	4.688686e+03
1.075579e-01	4.665700e+03	4.658448e+03
1.130461e-01	4.635656e+03	4.628405e+03
1.188143e-01	4.605805e+03	4.598556e+03
1.248769e-01	4.576147e+03	4.568900e+03
1.312487e-01	4.546770e+03	4.539524e+03
1.379458e-01	4.517584e+03	4.510340e+03
1.449845e-01	4.488585e+03	4.481343e+03
1.523824e-01	4.425474e+03	4.418233e+03
1.601578e-01	4.291124e+03	4.283883e+03
1.683299e-01	4.160860e+03	4.153619e+03
1.769190e-01	4.034541e+03	4.027301e+03
1.859464e-01	3.912012e+03	3.904774e+03
1.954344e-01	3.793210e+03	3.785974e+03
2.054065e-01	6.357519e+03	6.350286e+03
2.158874e-01	9.113024e+03	9.105794e+03
2.269032e-01	1.306420e+04	1.305697e+04
2.384810e-01	1.872986e+04	1.872263e+04
2.506496e-01	2.638290e+04	2.637568e+04
2.634391e-01	2.694387e+04	2.693665e+04
2.768812e-01	2.751676e+04	2.750955e+04
2.910091e-01	2.810184e+04	2.809463e+04
3.058580e-01	2.788255e+04	2.787534e+04
3.214645e-01	2.643650e+04	2.642930e+04
3.378674e-01	2.506547e+04	2.505828e+04
3.551072e-01	2.379142e+04	2.378423e+04
3.732267e-01	2.456367e+04	2.455648e+04
3.922708e-01	2.478018e+04	2.477300e+04
4.122865e-01	2.314389e+04	2.313672e+04
4.333236e-01	2.135511e+04	2.134795e+04
4.554341e-01	1.969636e+04	1.968921e+04
4.786728e-01	1.918574e+04	1.917860e+04
5.030973e-01	1.764746e+04	1.764032e+04
5.287681e-01	1.607046e+04	1.606334e+04
5.557487e-01	1.463414e+04	1.462704e+04
5.841060e-01	1.332523e+04	1.331814e+04
6.139102e-01	1.208691e+04	1.207984e+04
6.452353e-01	1.091447e+04	1.090742e+04
6.781586e-01	9.853374e+03	9.846342e+03
7.127620e-01	8.892548e+03	8.885538e+03
7.491309e-01	8.021419e+03	8.014431e+03
7.873557e-01	7.235691e+03	7.228724e+03
8.275308e-01	6.498658e+03	6.491720e+03
8.697559e-01	5.824826e+03	5.817921e+03
9.141356e-01	5.275796e+03	5.268922e+03
9.607797e-01	4.889346e+03	4.882503e+03
1.009804e+00	4.495762e+03	4.488952e+03
1.061330e+00	4.002720e+03	3.995954e+03
1.115484e+00	3.563821e+03	3.557099e+03
1.172402e+00	3.173118e+03	3.166442e+03
1.232225e+00	2.825317e+03	2.818688e+03
1.295099e+00	2.515706e+03	2.509126e+03
1.361182e+00	2.240089e+03	2.233562e+03
1.430637e+00	1.994733e+03	1.988262e+03
1.503636e+00	1.775897e+03	1.769485e+03
1.580360e+00	1.573899e+03	1.567551e+03
1.660998e+00	1.394942e+03	1.388662e+03
1.745751e+00	1.236395e+03	1.230188e+03
1.834829e+00	1.095930e+03	1.089799e+03
1.928452e+00	9.714817e+02	9.654312e+02
2.026852e+00	8.606446e+02	8.546778e+02
2.130273e+00	7.611130e+02	7.552334e+02
2.238971e+00	6.731485e+02	6.673596e+02
2.353216e+00	5.954049e+02	5.897103e+02
2.473289e+00	2.671636e+03	2.666039e+03
2.599490e+00	2.365725e+03	2.360229e+03
2.732130e+00	2.395138e+03	2.389747e+03
2.871538e+00	2.120812e+03	2.115528e+03
3.018059e+00	1.876791e+03	1.871618e+03
3.172057e+00	1.653433e+03	1.648374e+03
3.333913e+00	1.456700e+03	1.451758e+03
3.504027e+00	1.283418e+03	1.278594e+03
3.682821e+00	1.130788e+03	1.126085e+03
3.870739e+00	9.963468e+02	9.917672e+02
4.068245e+00	8.770726e+02	8.726174e+02
4.275829e+00	7.706562e+02	7.663266e+02
4.494005e+00	6.771860e+02	6.729827e+02
4.723313e+00	5.950853e+02	5.910088e+02
4.964322e+00	5.229695e+02	5.190199e+02
5.217629e+00	4.586769e+02	4.548538e+02
5.483860e+00	4.021785e+02	3.984814e+02
5.763676e+00	3.526677e+02	3.490955e+02
6.057770e+00	3.091446e+02	3.056961e+02
6.366871e+00	2.705265e+02	2.672002e+02
6.691743e+00	2.367577e+02	2.335521e+02
7.033192e+00	2.072278e+02	2.041412e+02
7.392063e+00	1.814033e+02	1.784339e+02
7.769246e+00	1.588178e+02	1.559640e+02
8.165675e+00	1.389525e+02	1.362123e+02
8.582332e+00	1.214516e+02	1.188233e+02
9.020249e+00	1.061722e+02	1.036542e+02
9.480511e+00	9.283083e+01	9.042157e+01
9.964258e+00	8.118007e+01	7.887824e+01
1.047269e+01	7.086630e+01	6.867053e+01
1.100706e+01	6.186586e+01	5.977450e+01
1.156870e+01	5.401984e+01	5.203093e+01
1.215900e+01	4.717922e+01	4.529050e+01
1.277942e+01	4.121430e+01	3.942327e+01
1.343149e+01	3.601220e+01	3.431613e+01
1.411684e+01	3.147464e+01	2.987059e+01
1.483716e+01	2.751608e+01	2.600096e+01
1.559423e+01	2.403013e+01	2.260070e+01
1.638993e+01	2.098459e+01	1.963732e+01
1.722623e+01	1.833142e+01	1.706249e+01
1.810521e+01	1.601987e+01	1.482527e+01
1.902904e+01	8.729748e+01	8.617308e+01
2.000000e+01	7.709204e+01	7.603366e+01
