# Energie (MeV)	µ/rho (cm²/g)	µen/rho (cm²/g)
1.000000e-03	1.055146e+04	1.054144e+04
1.051025e-03	1.055146e+04	1.054144e+04
1.104654e-03	1.055146e+04	1.054144e+04
1.161020e-03	1.055146e+04	1.054144e+04
1.220261e-03	1.055146e+04	1.054144e+04
1.282526e-03	1.055146e+04	1.054144e+04
1.347967e-03	1.055146e+04	1.054144e+04
1.416748e-03	1.055146e+04	1.054144e+04
1.489038e-03	1.055146e+04	1.054144e+04
1.565017e-03	1.055146e+04	1.054144e+04
1.644872e-03	1.055146e+04	1.054144e+04
1.728802e-03	1.055146e+04	1.054144e+04
1.817015e-03	1.055146e+04	1.054144e+04
1.909729e-03	1.055146e+04	1.054144e+04
2.007174e-03	1.055146e+04	1.054144e+04
2.109591e-03	1.055146e+04	1.054144e+04
2.217234e-03	1.055146e+04	1.054144e+04
2.330369e-03	1.055146e+04	1.054144e+04
2.449277e-03	1.055146e+04	1.054144e+04
2.574252e-03	1.055146e+04	1.054144e+04
2.705605e-03	1.055146e+04	1.054144e+04
2.843659e-03	1.055146e+04	1.054144e+04
2.988758e-03	1.055146e+04	1.054144e+04
3.141261e-03	1.055146e+04	1.054144e+04
3.301545e-03	1.055146e+04	1.054144e+04
3.470007e-03	1.055146e+04	1.054144e+04
3.647066e-03	1.055146e+04	1.054144e+04
3.833159e-03	1.055146e+04	1.054144e+04
4.028748e-03	1.055146e+04	1.054144e+04
4.234316e-03	1.055146e+04	1.054144e+04
4.450374e-03	1.055146e+04	1.054144e+04
4.677456e-03	1.055146e+04	1.054144e+04
4.916125e-03	1.055146e+04	1.054144e+04
5.166972e-03	1.055146e+04	1.054144e+04
5.430619e-03	1.055146e+04	1.054144e+04
5.707719e-03	1.055146e+04	1.054144e+04
5.998957e-03	1.055146e+04	1.054144e+04
6.305057e-03	1.055146e+04	1.054144e+04
6.626775e-03	1.055146e+04	1.054144e+04
6.964909e-03	1.055146e+04	1.054144e+04
7.320296e-03	1.055146e+04	1.054144e+04
7.693817e-03	1.055146e+04	1.054144e+04
8.086397e-03	1.055146e+04	1.054144e+04
8.499009e-03	1.055146e+04	1.054144e+04
8.932674e-03	1.055146e+04	1.054144e+04
9.388468e-03	1.055146e+04	1.054144e+04
9.867518e-03	1.055146e+04	1.054144e+04
1.037101e-02	1.055146e+04	1.054144e+04
1.090020e-02	1.055146e+04	1.054144e+04
1.145638e-02	1.055146e+04	1.054144e+04
1.204095e-02	1.055146e+04	1.054144e+04
1.265535e-02	1.055146e+04	1.054144e+04
1.330109e-02	1.055146e+04	1.054144e+04
1.397978e-02	1.055146e+04	1.054144e+04
1.469311e-02	1.055146e+04	1.054144e+04
1.544283e-02	1.055146e+04	1.054144e+04
1.623081e-02	1.055146e+04	1.054144e+04
1.705899e-02	1.055146e+04	1.054144e+04
1.792943e-02	1.055146e+04	1.054144e+04
1.884429e-02	1.055146e+04	1.054144e+04
1.980583e-02	1.055146e+04	1.054144e+04
2.081643e-02	1.055146e+04	1.054144e+04
2.187859e-02	1.055146e+04	1.054144e+04
2.299496e-02	1.055146e+04	1.054144e+04
2.416828e-02	1.055146e+04	1.054144e+04
2.540148e-02	1.055146e+04	1.054144e+04
2.669760e-02	1.055146e+04	1.054144e+04
2.805986e-02	1.055146e+04	1.054144e+04
2.949162e-02	1.055146e+04	1.054144e+04
3.099645e-02	1.055146e+04	1.054144e+04
3.257805e-02	1.055146e+04	1.054144e+04
3.424036e-02	1.055146e+04	1.054144e+04
3.598749e-02	1.055146e+04	1.054144e+04
3.782377e-02	1.055146e+04	1.054144e+04
3.975374e-02	1.055146e+04	1.054144e+04
4.178219e-02	1.055146e+04	1.054144e+04
4.391414e-02	1.055146e+04	1.054144e+04
4.615488e-02	1.055146e+04	1.054144e+04
4.850995e-02	1.055146e+04	1.054144e+04
5.098519e-02	1.055146e+04	1.054144e+04
5.358673e-02	1.055146e+04	1.054144e+04
5.632102e-02	1.055146e+04	1.054144e+04
5.919482e-02	1.055146e+04	1.054144e+04
6.221526e-02	1.055146e+04	1.054144e+04
6.538982e-02	1.055146e+04	1.054144e+04
6.872636e-02	1.055146e+04	1.054144e+04
7.223315e-02	1.055146e+04	1.054144e+04
7.591888e-02	1.055146e+04	1.054144e+04
7.979267e-02	1.055146e+04	1.054144e+04
8.386413e-02	1.055146e+04	1.054144e+04
8.814333e-02	1.055146e+04	1.054144e+04
9.264088e-02	1.055146e+04	1.054144e+04
9.736792e-02	1.055146e+04	1.054144e+04
1.023362e-01	1.037365e+04	1.036364e+04
1.075579e-01	1.000060e+04	9.990585e+03
1.130461e-01	9.640973e+03	9.630960e+03
1.188143e-01	9.294292e+03	9.284281e+03
1.248769e-01	1.139582e+04	1.138581e+04
1.312487e-01	1.086864e+04	1.085864e+04
1.379458e-01	1.036364e+04	1.035363e+04
1.449845e-01	9.882114e+03	9.872108e+03
1.523824e-01	9.362381e+03	9.352376e+03
1.601578e-01	8.747299e+03	8.737297e+03
1.683299e-01	8.172670e+03	8.162671e+03
1.769190e-01	7.635965e+03	7.625968e+03
1.859464e-01	7.134991e+03	7.124996e+03
1.954344e-01	6.666927e+03	6.656934e+03
2.054065e-01	6.360156e+03	6.350166e+03
2.158874e-01	6.177467e+03	6.167481e+03
2.269032e-01	7.378471e+03	7.368489e+03
2.384810e-01	7.179134e+03	7.169157e+03
2.506496e-01	7.059875e+03	7.049903e+03
2.634391e-01	6.879632e+03	6.869665e+03
2.768812e-01	6.703997e+03	6.694034e+03
2.910091e-01	6.532853e+03	6.522894e+03
3.058580e-01	6.328181e+03	6.318229e+03
3.214645e-01	6.713855e+03	6.703913e+03
3.378674e-01	6.442684e+03	6.432751e+03
3.551072e-01	6.174344e+03	6.164420e+03
3.732267e-01	5.898258e+03	5.888343e+03
3.922708e-01	5.634536e+03	5.624631e+03
4.122865e-01	5.344936e+03	5.335042e+03
4.333236e-01	5.047330e+03	5.037451e+03
4.554341e-01	4.766246e+03	4.756380e+03
4.786728e-01	4.500610e+03	4.490758e+03
5.030973e-01	4.243748e+03	4.233911e+03
5.287681e-01	3.961472e+03	3.951654e+03
5.557487e-01	3.697767e+03	3.687969e+03
5.841060e-01	3.450792e+03	3.441012e+03
6.139102e-01	3.209832e+03	3.200077e+03
6.452353e-01	2.974321e+03	2.964597e+03
6.781586e-01	2.756144e+03	2.746448e+03
7.127620e-01	2.548397e+03	2.538729e+03
7.491309e-01	2.347268e+03	2.337629e+03
7.873557e-01	2.162068e+03	2.152459e+03
8.275308e-01	1.986133e+03	1.976562e+03
8.697559e-01	1.822240e+03	1.812711e+03
9.141356e-01	1.669466e+03	1.659981e+03
9.607797e-01	2.024129e+03	2.014688e+03
1.009804e+00	8.445680e+03	8.436283e+03
1.061330e+00	7.877430e+03	7.868088e+03
1.115484e+00	7.347448e+03	7.338163e+03
1.172402e+00	6.849236e+03	6.840008e+03
1.232225e+00	6.381597e+03	6.372429e+03
1.295099e+00	5.945919e+03	5.936812e+03
1.361182e+00	6.142783e+03	6.133742e+03
1.430637e+00	5.840966e+03	5.831993e+03
1.503636e+00	5.245762e+03	5.236863e+03
1.580360e+00	4.914046e+03	4.905225e+03
1.660998e+00	4.388645e+03	4.379906e+03
1.745751e+00	3.919498e+03	3.910847e+03
1.834829e+00	3.500579e+03	3.492020e+03
1.928452e+00	3.126510e+03	3.118047e+03
2.026852e+00	2.788005e+03	2.779644e+03
2.130273e+00	2.475349e+03	2.467093e+03
2.238971e+00	2.197832e+03	2.189686e+03
2.353216e+00	1.951503e+03	1.943472e+03
2.473289e+00	1.732853e+03	1.724943e+03
2.599490e+00	1.538771e+03	1.530986e+03
2.732130e+00	1.366492e+03	1.358838e+03
2.871538e+00	1.213565e+03	1.206046e+03
3.018059e+00	1.077202e+03	1.069825e+03
3.172057e+00	9.522791e+02	9.450480e+02
3.333913e+00	8.419044e+02	8.348244e+02
3.504027e+00	7.443809e+02	7.374565e+02
3.682821e+00	6.582095e+02	6.514448e+02
3.870739e+00	5.820661e+02	5.754650e+02
4.068245e+00	5.143178e+02	5.078835e+02
4.275829e+00	4.537100e+02	4.474455e+02
4.494005e+00	4.002919e+02	3.941997e+02
4.723313e+00	3.532080e+02	3.472901e+02
4.964322e+00	3.117048e+02	3.059627e+02
5.217629e+00	2.747017e+02	2.691364e+02
5.483860e+00	2.420689e+02	2.366811e+02
5.763676e+00	2.133497e+02	2.081396e+02
6.057770e+00	1.880422e+02	1.830096e+02
6.366871e+00	4.593404e+02	4.544848e+02
6.691743e+00	4.058601e+02	4.011806e+02
7.033192e+00	4.879410e+02	4.834367e+02
7.392063e+00	4.975868e+02	4.932563e+02
7.769246e+00	4.400763e+02	4.359180e+02
8.165675e+00	3.882708e+02	3.842831e+02
8.582332e+00	3.413763e+02	3.375568e+02
9.020249e+00	3.001660e+02	2.965121e+02
9.480511e+00	2.639496e+02	2.604582e+02
9.964258e+00	2.321206e+02	2.287882e+02
1.047269e+01	2.036209e+02	2.004436e+02
1.100706e+01	1.786015e+02	1.755750e+02
1.156870e+01	1.566721e+02	1.537918e+02
1.215900e+01	1.374503e+02	1.347112e+02
1.277942e+01	1.206010e+02	1.179979e+02
1.343149e+01	1.058307e+02	1.033581e+02
1.411684e+01	9.288224e+01	9.053472e+01
1.483716e+01	8.153030e+01	7.930227e+01
1.559423e+01	7.142102e+01	6.930694e+01
1.638993e+01	6.253832e+01	6.053304e+01
1.722623e+01	5.477100e+01	5.286987e+01
1.810521e+01	4.797802e+01	4.617682e+01
1.902904e+01	4.203623e+01	4.033108e+01
2.000000e+01	3.683804e+01	3.522537e+01
