# Energie (MeV)	µ/rho (cm²/g)	µen/rho (cm²/g)
1.000000e-03	1.194336e+05	1.194317e+05
1.051025e-03	1.194336e+05	1.194317e+05
1.104654e-03	1.194336e+05	1.194317e+05
1.161020e-03	1.194336e+05	1.194317e+05
1.220261e-03	1.194336e+05	1.194317e+05
1.282526e-03	1.194336e+05	1.194317e+05
1.347967e-03	1.194336e+05	1.194317e+05
1.416748e-03	1.194336e+05	1.194317e+05
1.489038e-03	1.194336e+05	1.194317e+05
1.565017e-03	1.194336e+05	1.194317e+05
1.644872e-03	1.194336e+05	1.194317e+05
1.728802e-03	1.194336e+05	1.194317e+05
1.817015e-03	1.194336e+05	1.194317e+05
1.909729e-03	1.194336e+05	1.194317e+05
2.007174e-03	1.194336e+05	1.194317e+05
2.109591e-03	1.194336e+05	1.194317e+05
2.217234e-03	1.194336e+05	1.194317e+05
2.330369e-03	1.194336e+05	1.194317e+05
2.449277e-03	1.194336e+05	1.194317e+05
2.574252e-03	1.194336e+05	1.194317e+05
2.705605e-03	1.194336e+05	1.194317e+05
2.843659e-03	1.194336e+05	1.194317e+05
2.988758e-03	1.194336e+05	1.194317e+05
3.141261e-03	1.194336e+05	1.194317e+05
3.301545e-03	1.194336e+05	1.194317e+05
3.470007e-03	1.194336e+05	1.194317e+05
3.647066e-03	1.194336e+05	1.194317e+05
3.833159e-03	1.194336e+05	1.194317e+05
4.028748e-03	1.194336e+05	1.194317e+05
4.234316e-03	1.194336e+05	1.194317e+05
4.450374e-03	1.194336e+05	1.194317e+05
4.677456e-03	1.194336e+05	1.194317e+05
4.916125e-03	1.194336e+05	1.194317e+05
5.166972e-03	1.194336e+05	1.194317e+05
5.430619e-03	1.194336e+05	1.194317e+05
5.707719e-03	1.194336e+05	1.194317e+05
5.998957e-03	1.194336e+05	1.194317e+05
6.305057e-03	1.194336e+05	1.194317e+05
6.626775e-03	1.194336e+05	1.194317e+05
6.964909e-03	1.194336e+05	1.194317e+05
7.320296e-03	1.194336e+05	1.194317e+05
7.693817e-03	1.194336e+05	1.194317e+05
8.086397e-03	1.194336e+05	1.194317e+05
8.499009e-03	1.194336e+05	1.194317e+05
8.932674e-03	1.194336e+05	1.194317e+05
9.388468e-03	1.194336e+05	1.194317e+05
9.867518e-03	1.194336e+05	1.194317e+05
1.037101e-02	1.194336e+05	1.194317e+05
1.090020e-02	1.194336e+05	1.194317e+05
1.145638e-02	1.194336e+05	1.194317e+05
1.204095e-02	1.194336e+05	1.194317e+05
1.265535e-02	1.194336e+05	1.194317e+05
1.330109e-02	1.194336e+05	1.194317e+05
1.397978e-02	1.194336e+05	1.194317e+05
1.469311e-02	1.194336e+05	1.194317e+05
1.544283e-02	1.194336e+05	1.194317e+05
1.623081e-02	1.194336e+05	1.194317e+05
1.705899e-02	1.194336e+05	1.194317e+05
1.792943e-02	1.194336e+05	1.194317e+05
1.884429e-02	1.194336e+05	1.194317e+05
1.980583e-02	1.194336e+05	1.194317e+05
2.081643e-02	1.194336e+05	1.194317e+05
2.187859e-02	1.194336e+05	1.194317e+05
2.299496e-02	1.194336e+05	1.194317e+05
2.416828e-02	1.194336e+05	1.194317e+05
2.540148e-02	1.194336e+05	1.194317e+05
2.669760e-02	1.194336e+05	1.194317e+05
2.805986e-02	1.194336e+05	1.194317e+05
2.949162e-02	1.194336e+05	1.194317e+05
3.099645e-02	1.194336e+05	1.194317e+05
3.257805e-02	1.194336e+05	1.194317e+05
3.424036e-02	1.194336e+05	1.194317e+05
3.598749e-02	1.194336e+05	1.194317e+05
3.782377e-02	1.194336e+05	1.194317e+05
3.975374e-02	1.194336e+05	1.194317e+05
4.178219e-02	1.194336e+05	1.194317e+05
4.391414e-02	1.194336e+05	1.194317e+05
4.615488e-02	1.194336e+05	1.194317e+05
4.850995e-02	1.194336e+05	1.194317e+05
5.098519e-02	1.194336e+05	1.194317e+05
5.358673e-02	1.194336e+05	1.194317e+05
5.632102e-02	1.194336e+05	1.194317e+05
5.919482e-02	1.194336e+05	1.194317e+05
6.221526e-02	1.194336e+05	1.194317e+05
6.538982e-02	1.194336e+05	1.194317e+05
6.872636e-02	1.194336e+05	1.194317e+05
7.223315e-02	1.194336e+05	1.194317e+05
7.591888e-02	1.194336e+05	1.194317e+05
7.979267e-02	1.194336e+05	1.194317e+05
8.386413e-02	1.194336e+05	1.194317e+05
8.814333e-02	1.194336e+05	1.194317e+05
9.264088e-02	1.194336e+05	1.194317e+05
9.736792e-02	1.194336e+05	1.194317e+05
1.023362e-01	1.143228e+05	1.143208e+05
1.075579e-01	1.040398e+05	1.040379e+05
1.130461e-01	9.468185e+04	9.467987e+04
1.188143e-01	8.616559e+04	8.616361e+04
1.248769e-01	7.777591e+04	7.777392e+04
1.312487e-01	7.004492e+04	7.004293e+04
1.379458e-01	6.308214e+04	6.308016e+04
1.449845e-01	5.681151e+04	5.680953e+04
1.523824e-01	5.106036e+04	5.105838e+04
1.601578e-01	4.569050e+04	4.568852e+04
1.683299e-01	4.088539e+04	4.088341e+04
1.769190e-01	3.658433e+04	3.658234e+04
1.859464e-01	3.273153e+04	3.272955e+04
1.954344e-01	2.928451e+04	2.928252e+04
2.054065e-01	2.612415e+04	2.612216e+04
2.158874e-01	2.324604e+04	2.324406e+04
2.269032e-01	2.068504e+04	2.068306e+04
2.384810e-01	1.840621e+04	1.840423e+04
2.506496e-01	1.637419e+04	1.637221e+04
2.634391e-01	1.449777e+04	1.449579e+04
2.768812e-01	1.283641e+04	1.283443e+04
2.910091e-01	1.136545e+04	1.136348e+04
3.058580e-01	1.005303e+04	1.005105e+04
3.214645e-01	8.878197e+03	8.876220e+03
3.378674e-01	7.840689e+03	7.838714e+03
3.551072e-01	6.924660e+03	6.922686e+03
3.732267e-01	6.116126e+03	6.114153e+03
3.922708e-01	5.402024e+03	5.400052e+03
4.122865e-01	4.761838e+03	4.759867e+03
4.333236e-01	4.192164e+03	4.190195e+03
4.554341e-01	3.690923e+03	3.688955e+03
4.786728e-01	3.250341e+03	3.248375e+03
5.030973e-01	2.862141e+03	2.860177e+03
5.287681e-01	2.518852e+03	2.516890e+03
5.557487e-01	2.216770e+03	2.214810e+03
5.841060e-01	1.950957e+03	1.949000e+03
6.139102e-01	1.715064e+03	1.713110e+03
6.452353e-01	1.505683e+03	1.503733e+03
6.781586e-01	1.321829e+03	1.319883e+03
7.127620e-01	1.159600e+03	1.157658e+03
7.491309e-01	1.016012e+03	1.014074e+03
7.873557e-01	8.902331e+02	8.882986e+02
8.275308e-01	7.915138e+02	7.895849e+02
8.697559e-01	7.086117e+02	7.066891e+02
9.141356e-01	9.041035e+03	9.039119e+03
9.607797e-01	8.096451e+03	8.094541e+03
1.009804e+00	7.231573e+03	7.229669e+03
1.061330e+00	6.389649e+03	6.387755e+03
1.115484e+00	5.644713e+03	5.642828e+03
1.172402e+00	4.984938e+03	4.983063e+03
1.232225e+00	4.400104e+03	4.398239e+03
1.295099e+00	3.881359e+03	3.879506e+03
1.361182e+00	3.421015e+03	3.419173e+03
1.430637e+00	3.012374e+03	3.010545e+03
1.503636e+00	2.649586e+03	2.647772e+03
1.580360e+00	2.327636e+03	2.325838e+03
1.660998e+00	2.042413e+03	2.040633e+03
1.745751e+00	1.790203e+03	1.788441e+03
1.834829e+00	1.567579e+03	1.565838e+03
1.928452e+00	1.371399e+03	1.369680e+03
2.026852e+00	1.198794e+03	1.197098e+03
2.130273e+00	1.047129e+03	1.045458e+03
2.238971e+00	9.139861e+02	9.123422e+02
2.353216e+00	7.972056e+02	7.955903e+02
2.473289e+00	6.948644e+02	6.932794e+02
2.599490e+00	6.052523e+02	6.036993e+02
2.732130e+00	5.268505e+02	5.253311e+02
2.871538e+00	4.583115e+02	4.568275e+02
3.018059e+00	3.984414e+02	3.969943e+02
3.172057e+00	3.461827e+02	3.447741e+02
3.333913e+00	3.006020e+02	2.992333e+02
3.504027e+00	2.608741e+02	2.595466e+02
3.682821e+00	2.262717e+02	2.249864e+02
3.870739e+00	1.961539e+02	1.949117e+02
4.068245e+00	1.699569e+02	1.687586e+02
4.275829e+00	1.471860e+02	1.460321e+02
4.494005e+00	1.274079e+02	1.262987e+02
4.723313e+00	1.102415e+02	1.091769e+02
4.964322e+00	9.535193e+01	9.433179e+01
5.217629e+00	8.244487e+01	8.146873e+01
5.483860e+00	7.125911e+01	7.032629e+01
5.763676e+00	6.156661e+01	6.067622e+01
6.057770e+00	5.316980e+01	5.232074e+01
6.366871e+00	4.589849e+01	4.508952e+01
6.691743e+00	3.960643e+01	3.883617e+01
7.033192e+00	3.416590e+01	3.343286e+01
7.392063e+00	2.946504e+01	2.876765e+01
7.769246e+00	2.540602e+01	2.474266e+01
8.165675e+00	2.190335e+01	2.127237e+01
8.582332e+00	1.888214e+01	1.828188e+01
9.020249e+00	1.627699e+01	1.570577e+01
9.480511e+00	1.403120e+01	1.348737e+01
9.964258e+00	1.209574e+01	1.157768e+01
1.047269e+01	1.042824e+01	9.934370e+00
1.100706e+01	8.992089e+00	8.520893e+00
1.156870e+01	7.755639e+00	7.305669e+00
1.215900e+01	6.691489e+00	6.261367e+00
1.277942e+01	5.775927e+00	5.364346e+00
1.343149e+01	4.988452e+00	4.594169e+00
1.411684e+01	4.311342e+00	3.933181e+00
1.483716e+01	3.729290e+00	3.366138e+00
1.559423e+01	3.229074e+00	2.879877e+00
1.638993e+01	2.799255e+00	2.463040e+00
1.722623e+01	2.429961e+00	2.105833e+00
1.810521e+01	2.112691e+00	1.799827e+00
1.902904e+01	1.840129e+00	1.537770e+00
2.000000e+01	1.605982e+00	1.313426e+00
