# Energie (MeV)	µ/rho (cm²/g)	µen/rho (cm²/g)
1.000000e-03	5.445270e+03	5.431710e+03
1.051025e-03	5.445270e+03	5.431710e+03
1.104654e-03	5.445270e+03	5.431710e+03
1.161020e-03	5.445270e+03	5.431710e+03
1.220261e-03	5.445270e+03	5.431710e+03
1.282526e-03	5.445270e+03	5.431710e+03
1.347967e-03	5.445270e+03	5.431710e+03
1.416748e-03	5.445270e+03	5.431710e+03
1.489038e-03	5.445270e+03	5.431710e+03
1.565017e-03	5.445270e+03	5.431710e+03
1.644872e-03	5.445270e+03	5.431710e+03
1.728802e-03	5.445270e+03	5.431710e+03
1.817015e-03	5.445270e+03	5.431710e+03
1.909729e-03	5.445270e+03	5.431710e+03
2.007174e-03	5.445270e+03	5.431710e+03
2.109591e-03	5.445270e+03	5.431710e+03
2.217234e-03	5.445270e+03	5.431710e+03
2.330369e-03	5.445270e+03	5.431710e+03
2.449277e-03	5.445270e+03	5.431710e+03
2.574252e-03	5.445270e+03	5.431710e+03
2.705605e-03	5.445270e+03	5.431710e+03
2.843659e-03	5.445270e+03	5.431710e+03
2.988758e-03	5.445270e+03	5.431710e+03
3.141261e-03	5.445270e+03	5.431710e+03
3.301545e-03	5.445270e+03	5.431710e+03
3.470007e-03	5.445270e+03	5.431710e+03
3.647066e-03	5.445270e+03	5.431710e+03
3.833159e-03	5.445270e+03	5.431710e+03
4.028748e-03	5.445270e+03	5.431710e+03
4.234316e-03	5.445270e+03	5.431710e+03
4.450374e-03	5.445270e+03	5.431710e+03
4.677456e-03	5.445270e+03	5.431710e+03
4.916125e-03	5.445270e+03	5.431710e+03
5.166972e-03	5.445270e+03	5.431710e+03
5.430619e-03	5.445270e+03	5.431710e+03
5.707719e-03	5.445270e+03	5.431710e+03
5.998957e-03	5.445270e+03	5.431710e+03
6.305057e-03	5.445270e+03	5.431710e+03
6.626775e-03	5.445270e+03	5.431710e+03
6.964909e-03	5.445270e+03	5.431710e+03
7.320296e-03	5.445270e+03	5.431710e+03
7.693817e-03	5.445270e+03	5.431710e+03
8.086397e-03	5.445270e+03	5.431710e+03
8.499009e-03	5.445270e+03	5.431710e+03
8.932674e-03	5.445270e+03	5.431710e+03
9.388468e-03	5.445270e+03	5.431710e+03
9.867518e-03	5.445270e+03	5.431710e+03
1.037101e-02	5.445270e+03	5.431710e+03
1.090020e-02	5.445270e+03	5.431710e+03
1.145638e-02	5.445270e+03	5.431710e+03
1.204095e-02	5.445270e+03	5.431710e+03
1.265535e-02	5.445270e+03	5.431710e+03
1.330109e-02	5.445270e+03	5.431710e+03
1.397978e-02	5.445270e+03	5.431710e+03
1.469311e-02	5.445270e+03	5.431710e+03
1.544283e-02	5.445270e+03	5.431710e+03
1.623081e-02	5.445270e+03	5.431710e+03
1.705899e-02	5.445270e+03	5.431710e+03
1.792943e-02	5.445270e+03	5.431710e+03
1.884429e-02	5.445270e+03	5.431710e+03
1.980583e-02	5.445270e+03	5.431710e+03
2.081643e-02	5.445270e+03	5.431710e+03
2.187859e-02	5.445270e+03	5.431710e+03
2.299496e-02	5.445270e+03	5.431710e+03
2.416828e-02	5.445270e+03	5.431710e+03
2.540148e-02	5.445270e+03	5.431710e+03
2.669760e-02	5.445270e+03	5.431710e+03
2.805986e-02	5.445270e+03	5.431710e+03
2.949162e-02	5.445270e+03	5.431710e+03
3.099645e-02	5.445270e+03	5.431710e+03
3.257805e-02	5.445270e+03	5.431710e+03
3.424036e-02	5.445270e+03	5.431710e+03
3.598749e-02	5.445270e+03	5.431710e+03
3.782377e-02	5.445270e+03	5.431710e+03
3.975374e-02	5.445270e+03	5.431710e+03
4.178219e-02	5.445270e+03	5.431710e+03
4.391414e-02	5.445270e+03	5.431710e+03
4.615488e-02	5.445270e+03	5.431710e+03
4.850995e-02	5.445270e+03	5.431710e+03
5.098519e-02	5.445270e+03	5.431710e+03
5.358673e-02	5.445270e+03	5.431710e+03
5.632102e-02	5.445270e+03	5.431710e+03
5.919482e-02	5.445270e+03	5.431710e+03
6.221526e-02	5.445270e+03	5.431710e+03
6.538982e-02	5.445270e+03	5.431710e+03
6.872636e-02	5.445270e+03	5.431710e+03
7.223315e-02	5.445270e+03	5.431710e+03
7.591888e-02	5.445270e+03	5.431710e+03
7.979267e-02	5.445270e+03	5.431710e+03
8.386413e-02	5.445270e+03	5.431710e+03
8.814333e-02	5.445270e+03	5.431710e+03
9.264088e-02	5.445270e+03	5.431710e+03
9.736792e-02	5.445270e+03	5.431710e+03
1.023362e-01	5.031792e+03	5.018233e+03
1.075579e-01	5.500353e+03	5.486794e+03
1.130461e-01	4.639700e+03	4.626141e+03
1.188143e-01	3.914047e+03	3.900490e+03
1.248769e-01	3.302220e+03	3.288663e+03
1.312487e-01	2.836196e+03	2.822641e+03
1.379458e-01	2.849062e+03	2.835508e+03
1.449845e-01	2.448120e+03	2.434567e+03
1.523824e-01	2.140950e+03	2.127399e+03
1.601578e-01	1.944467e+03	1.930918e+03
1.683299e-01	1.766130e+03	1.752584e+03
1.769190e-01	1.624188e+03	1.610643e+03
1.859464e-01	2.633801e+03	2.620258e+03
1.954344e-01	2.530962e+03	2.517422e+03
2.054065e-01	2.690567e+03	2.677029e+03
2.158874e-01	3.121854e+03	3.108320e+03
2.269032e-01	3.622625e+03	3.609095e+03
2.384810e-01	4.204075e+03	4.190549e+03
2.506496e-01	4.879208e+03	4.865685e+03
2.634391e-01	5.663246e+03	5.649728e+03
2.768812e-01	6.573623e+03	6.560109e+03
2.910091e-01	7.630697e+03	7.617186e+03
3.058580e-01	8.521749e+03	8.508243e+03
3.214645e-01	8.954723e+03	8.941225e+03
3.378674e-01	9.409732e+03	9.396241e+03
3.551072e-01	9.887946e+03	9.874463e+03
3.732267e-01	1.039063e+04	1.037715e+04
3.922708e-01	1.091890e+04	1.090543e+04
4.122865e-01	1.094230e+04	1.092884e+04
4.333236e-01	1.063537e+04	1.062193e+04
4.554341e-01	1.047473e+04	1.046129e+04
4.786728e-01	1.078333e+04	1.076991e+04
5.030973e-01	1.128426e+04	1.127085e+04
5.287681e-01	1.064402e+04	1.063063e+04
5.557487e-01	1.003990e+04	1.002652e+04
5.841060e-01	9.469234e+03	9.455876e+03
6.139102e-01	8.899088e+03	8.885753e+03
6.452353e-01	8.328273e+03	8.314965e+03
6.781586e-01	7.794831e+03	7.781550e+03
7.127620e-01	8.034426e+03	8.021173e+03
7.491309e-01	7.465593e+03	7.452367e+03
7.873557e-01	6.937095e+03	6.923896e+03
8.275308e-01	6.414436e+03	6.401275e+03
8.697559e-01	5.976547e+03	5.963429e+03
9.141356e-01	5.624823e+03	5.611747e+03
9.607797e-01	5.530760e+03	5.517726e+03
1.009804e+00	5.616924e+03	5.603935e+03
1.061330e+00	5.098839e+03	5.085908e+03
1.115484e+00	4.628640e+03	4.615767e+03
1.172402e+00	4.201899e+03	4.189086e+03
1.232225e+00	3.814598e+03	3.801847e+03
1.295099e+00	3.463089e+03	3.450405e+03
1.361182e+00	3.144063e+03	3.131450e+03
1.430637e+00	2.854516e+03	2.841979e+03
1.503636e+00	2.590702e+03	2.578248e+03
1.580360e+00	2.333361e+03	2.320997e+03
1.660998e+00	2.101681e+03	2.089414e+03
1.745751e+00	1.893101e+03	1.880937e+03
1.834829e+00	1.705316e+03	1.693262e+03
1.928452e+00	1.536250e+03	1.524313e+03
2.026852e+00	1.382225e+03	1.370411e+03
2.130273e+00	1.239298e+03	1.227614e+03
2.238971e+00	1.111245e+03	1.099696e+03
2.353216e+00	9.965144e+02	9.851074e+02
2.473289e+00	8.937176e+02	8.824590e+02
2.599490e+00	8.016105e+02	7.905065e+02
2.732130e+00	2.007731e+03	1.996788e+03
2.871538e+00	2.489124e+03	2.478348e+03
3.018059e+00	2.122334e+03	2.111732e+03
3.172057e+00	1.872822e+03	1.862399e+03
3.333913e+00	1.910334e+03	1.900097e+03
3.504027e+00	1.690851e+03	1.680805e+03
3.682821e+00	1.496790e+03	1.486941e+03
3.870739e+00	1.404544e+03	1.394898e+03
4.068245e+00	1.247395e+03	1.237955e+03
4.275829e+00	1.154859e+03	1.145632e+03
4.494005e+00	1.024714e+03	1.015702e+03
4.723313e+00	9.092992e+02	9.005086e+02
4.964322e+00	8.069448e+02	7.983794e+02
5.217629e+00	7.148469e+02	7.065108e+02
5.483860e+00	6.331203e+02	6.250170e+02
5.763676e+00	5.607909e+02	5.529233e+02
6.057770e+00	4.965417e+02	4.889121e+02
6.366871e+00	4.388378e+02	4.314480e+02
6.691743e+00	3.878870e+02	3.807379e+02
7.033192e+00	3.428959e+02	3.359880e+02
7.392063e+00	3.031647e+02	2.964977e+02
7.769246e+00	2.680758e+02	2.616489e+02
8.165675e+00	2.368821e+02	2.306941e+02
8.582332e+00	2.090982e+02	2.031473e+02
9.020249e+00	1.846060e+02	1.788899e+02
9.480511e+00	1.630130e+02	1.575289e+02
9.964258e+00	1.439738e+02	1.387187e+02
1.047269e+01	1.269810e+02	1.219514e+02
1.100706e+01	1.120049e+02	1.071969e+02
1.156870e+01	9.881780e+01	9.422754e+01
1.215900e+01	8.720401e+01	8.282729e+01
1.277942e+01	7.697390e+01	7.280632e+01
1.343149e+01	6.796080e+01	6.399775e+01
1.411684e+01	1.429626e+02	1.391992e+02
1.483716e+01	1.254735e+02	1.219048e+02
1.559423e+01	1.098753e+02	1.064961e+02
1.638993e+01	1.332200e+02	1.300244e+02
1.722623e+01	1.360691e+02	1.330508e+02
1.810521e+01	1.200758e+02	1.172278e+02
1.902904e+01	1.059715e+02	1.032866e+02
2.000000e+01	9.353260e+01	9.100334e+01
