# Energie (MeV)	µ/rho (cm²/g)	µen/rho (cm²/g)
1.000000e-03	3.270388e+03	3.263973e+03
1.051025e-03	3.270388e+03	3.263973e+03
1.104654e-03	3.270388e+03	3.263973e+03
1.161020e-03	3.270388e+03	3.263973e+03
1.220261e-03	3.270388e+03	3.263973e+03
1.282526e-03	3.270388e+03	3.263973e+03
1.347967e-03	3.270388e+03	3.263973e+03
1.416748e-03	3.270388e+03	3.263973e+03
1.489038e-03	3.270388e+03	3.263973e+03
1.565017e-03	3.270388e+03	3.263973e+03
1.644872e-03	3.270388e+03	3.263973e+03
1.728802e-03	3.270388e+03	3.263973e+03
1.817015e-03	3.270388e+03	3.263973e+03
1.909729e-03	3.270388e+03	3.263973e+03
2.007174e-03	3.270388e+03	3.263973e+03
2.109591e-03	3.270388e+03	3.263973e+03
2.217234e-03	3.270388e+03	3.263973e+03
2.330369e-03	3.270388e+03	3.263973e+03
2.449277e-03	3.270388e+03	3.263973e+03
2.574252e-03	3.270388e+03	3.263973e+03
2.705605e-03	3.270388e+03	3.263973e+03
2.843659e-03	3.270388e+03	3.263973e+03
2.988758e-03	3.270388e+03	3.263973e+03
3.141261e-03	3.270388e+03	3.263973e+03
3.301545e-03	3.270388e+03	3.263973e+03
3.470007e-03	3.270388e+03	3.263973e+03
3.647066e-03	3.270388e+03	3.263973e+03
3.833159e-03	3.270388e+03	3.263973e+03
4.028748e-03	3.270388e+03	3.263973e+03
4.234316e-03	3.270388e+03	3.263973e+03
4.450374e-03	3.270388e+03	3.263973e+03
4.677456e-03	3.270388e+03	3.263973e+03
4.916125e-03	3.270388e+03	3.263973e+03
5.166972e-03	3.270388e+03	3.263973e+03
5.430619e-03	3.270388e+03	3.263973e+03
5.707719e-03	3.270388e+03	3.263973e+03
5.998957e-03	3.270388e+03	3.263973e+03
6.305057e-03	3.270388e+03	3.263973e+03
6.626775e-03	3.270388e+03	3.263973e+03
6.964909e-03	3.270388e+03	3.263973e+03
7.320296e-03	3.270388e+03	3.263973e+03
7.693817e-03	3.270388e+03	3.263973e+03
8.086397e-03	3.270388e+03	3.263973e+03
8.499009e-03	3.270388e+03	3.263973e+03
8.932674e-03	3.270388e+03	3.263973e+03
9.388468e-03	3.270388e+03	3.263973e+03
9.867518e-03	3.270388e+03	3.263973e+03
1.037101e-02	3.270388e+03	3.263973e+03
1.090020e-02	3.270388e+03	3.263973e+03
1.145638e-02	3.270388e+03	3.263973e+03
1.204095e-02	3.270388e+03	3.263973e+03
1.265535e-02	3.270388e+03	3.263973e+03
1.330109e-02	3.270388e+03	3.263973e+03
1.397978e-02	3.270388e+03	3.263973e+03
1.469311e-02	3.270388e+03	3.263973e+03
1.544283e-02	3.270388e+03	3.263973e+03
1.623081e-02	3.270388e+03	3.263973e+03
1.705899e-02	3.270388e+03	3.263973e+03
1.792943e-02	3.270388e+03	3.263973e+03
1.884429e-02	3.270388e+03	3.263973e+03
1.980583e-02	3.270388e+03	3.263973e+03
2.081643e-02	3.270388e+03	3.263973e+03
2.187859e-02	3.270388e+03	3.263973e+03
2.299496e-02	3.270388e+03	3.263973e+03
2.416828e-02	3.270388e+03	3.263973e+03
2.540148e-02	3.270388e+03	3.263973e+03
2.669760e-02	3.270388e+03	3.263973e+03
2.805986e-02	3.270388e+03	3.263973e+03
2.949162e-02	3.270388e+03	3.263973e+03
3.099645e-02	3.270388e+03	3.263973e+03
3.257805e-02	3.270388e+03	3.263973e+03
3.424036e-02	3.270388e+03	3.263973e+03
3.598749e-02	3.270388e+03	3.263973e+03
3.782377e-02	3.270388e+03	3.263973e+03
3.975374e-02	3.270388e+03	3.263973e+03
4.178219e-02	3.270388e+03	3.263973e+03
4.391414e-02	3.270388e+03	3.263973e+03
4.615488e-02	3.270388e+03	3.263973e+03
4.850995e-02	3.270388e+03	3.263973e+03
5.098519e-02	3.270388e+03	3.263973e+03
5.358673e-02	3.270388e+03	3.263973e+03
5.632102e-02	3.270388e+03	3.263973e+03
5.919482e-02	3.270388e+03	3.263973e+03
6.221526e-02	3.270388e+03	3.263973e+03
6.538982e-02	3.270388e+03	3.263973e+03
6.872636e-02	3.270388e+03	3.263973e+03
7.223315e-02	3.270388e+03	3.263973e+03
7.591888e-02	3.270388e+03	3.263973e+03
7.979267e-02	3.270388e+03	3.263973e+03
8.386413e-02	3.270388e+03	3.263973e+03
8.814333e-02	3.270388e+03	3.263973e+03
9.264088e-02	3.270388e+03	3.263973e+03
9.736792e-02	3.270388e+03	3.263973e+03
1.023362e-01	3.462935e+03	3.456521e+03
1.075579e-01	3.917380e+03	3.910967e+03
1.130461e-01	8.276056e+03	8.269644e+03
1.188143e-01	9.363362e+03	9.356951e+03
1.248769e-01	1.059363e+04	1.058722e+04
1.312487e-01	1.385250e+04	1.384609e+04
1.379458e-01	1.816735e+04	1.816094e+04
1.449845e-01	2.382683e+04	2.382042e+04
1.523824e-01	2.911902e+04	2.911262e+04
1.601578e-01	3.055367e+04	3.054727e+04
1.683299e-01	3.205902e+04	3.205262e+04
1.769190e-01	3.363809e+04	3.363169e+04
1.859464e-01	3.529322e+04	3.528681e+04
1.954344e-01	3.702980e+04	3.702340e+04
2.054065e-01	3.714922e+04	3.714283e+04
2.158874e-01	3.585051e+04	3.584412e+04
2.269032e-01	3.459721e+04	3.459082e+04
2.384810e-01	3.338773e+04	3.338135e+04
2.506496e-01	4.014096e+04	4.013457e+04
2.634391e-01	3.717359e+04	3.716721e+04
2.768812e-01	3.442562e+04	3.441924e+04
2.910091e-01	3.188081e+04	3.187444e+04
3.058580e-01	2.958109e+04	2.957472e+04
3.214645e-01	2.753059e+04	2.752422e+04
3.378674e-01	2.672057e+04	2.671421e+04
3.551072e-01	2.482437e+04	2.481802e+04
3.732267e-01	2.296491e+04	2.295856e+04
3.922708e-01	2.124477e+04	2.123843e+04
4.122865e-01	1.950066e+04	1.949433e+04
4.333236e-01	1.780991e+04	1.780359e+04
4.554341e-01	1.626514e+04	1.625883e+04
4.786728e-01	1.485248e+04	1.484618e+04
5.030973e-01	1.354530e+04	1.353900e+04
5.287681e-01	1.224259e+04	1.223631e+04
5.557487e-01	1.106533e+04	1.105906e+04
5.841060e-01	1.000168e+04	9.995426e+03
6.139102e-01	9.029433e+03	9.023198e+03
6.452353e-01	8.140248e+03	8.134033e+03
6.781586e-01	7.337670e+03	7.331475e+03
7.127620e-01	6.605569e+03	6.599393e+03
7.491309e-01	5.933088e+03	5.926932e+03
7.873557e-01	5.329129e+03	5.322993e+03
8.275308e-01	4.772179e+03	4.766068e+03
8.697559e-01	4.267385e+03	4.261303e+03
9.141356e-01	3.825873e+03	3.819820e+03
9.607797e-01	3.449485e+03	3.443460e+03
1.009804e+00	3.101632e+03	3.095637e+03
1.061330e+00	2.757605e+03	2.751648e+03
1.115484e+00	2.451803e+03	2.445883e+03
1.172402e+00	2.179976e+03	2.174094e+03
1.232225e+00	1.938349e+03	1.932507e+03
1.295099e+00	1.723566e+03	1.717766e+03
1.361182e+00	1.532643e+03	1.526887e+03
1.430637e+00	1.362928e+03	1.357218e+03
1.503636e+00	1.211840e+03	1.206179e+03
1.580360e+00	1.073683e+03	1.068075e+03
1.660998e+00	9.513343e+02	9.457825e+02
1.745751e+00	8.429848e+02	8.374926e+02
1.834829e+00	2.972476e+03	2.967047e+03
1.928452e+00	3.683023e+03	3.677661e+03
2.026852e+00	3.300559e+03	3.295266e+03
2.130273e+00	3.336534e+03	3.331315e+03
2.238971e+00	2.946129e+03	2.940986e+03
2.353216e+00	2.601454e+03	2.596391e+03
2.473289e+00	2.297153e+03	2.292173e+03
2.599490e+00	2.028493e+03	2.023600e+03
2.732130e+00	1.791298e+03	1.786496e+03
2.871538e+00	1.581882e+03	1.577173e+03
3.018059e+00	1.396264e+03	1.391652e+03
3.172057e+00	1.227815e+03	1.223302e+03
3.333913e+00	1.079728e+03	1.075317e+03
3.504027e+00	9.495406e+02	9.452350e+02
3.682821e+00	8.350878e+02	8.308887e+02
3.870739e+00	7.344660e+02	7.303751e+02
4.068245e+00	6.453030e+02	6.413214e+02
4.275829e+00	5.658068e+02	5.619355e+02
4.494005e+00	4.961369e+02	4.923765e+02
4.723313e+00	4.350769e+02	4.314277e+02
4.964322e+00	3.815614e+02	3.780235e+02
5.217629e+00	3.340844e+02	3.306577e+02
5.483860e+00	2.924586e+02	2.891428e+02
5.763676e+00	2.560454e+02	2.528402e+02
6.057770e+00	2.241075e+02	2.210125e+02
6.366871e+00	1.958730e+02	1.928875e+02
6.691743e+00	1.712180e+02	1.683415e+02
7.033192e+00	1.496871e+02	1.469192e+02
7.392063e+00	1.308828e+02	1.282230e+02
7.769246e+00	1.144584e+02	1.119059e+02
8.165675e+00	1.000362e+02	9.759047e+01
8.582332e+00	8.735301e+01	8.501319e+01
9.020249e+00	7.629176e+01	7.405684e+01
9.480511e+00	6.664375e+01	6.451252e+01
9.964258e+00	5.822719e+01	5.619827e+01
1.047269e+01	5.079850e+01	4.887022e+01
1.100706e+01	4.432172e+01	4.249197e+01
1.156870e+01	3.867996e+01	3.694618e+01
1.215900e+01	3.376498e+01	3.212419e+01
1.277942e+01	2.948262e+01	2.793154e+01
1.343149e+01	2.575100e+01	2.428608e+01
1.411684e+01	2.249886e+01	2.111641e+01
1.483716e+01	1.966426e+01	1.836042e+01
1.559423e+01	1.132303e+02	1.120012e+02
1.638993e+01	9.977579e+01	9.861741e+01
1.722623e+01	8.788987e+01	8.679831e+01
1.810521e+01	7.737375e+01	7.634511e+01
1.902904e+01	6.805819e+01	6.708865e+01
2.000000e+01	5.979858e+01	5.888441e+01
