# Energie (MeV)	µ/rho (cm²/g)	µen/rho (cm²/g)
1.000000e-03	6.371724e+03	6.363156e+03
1.051025e-03	6.371724e+03	6.363156e+03
1.104654e-03	6.371724e+03	6.363156e+03
1.161020e-03	6.371724e+03	6.363156e+03
1.220261e-03	6.371724e+03	6.363156e+03
1.282526e-03	6.371724e+03	6.363156e+03
1.347967e-03	6.371724e+03	6.363156e+03
1.416748e-03	6.371724e+03	6.363156e+03
1.489038e-03	6.371724e+03	6.363156e+03
1.565017e-03	6.371724e+03	6.363156e+03
1.644872e-03	6.371724e+03	6.363156e+03
1.728802e-03	6.371724e+03	6.363156e+03
1.817015e-03	6.371724e+03	6.363156e+03
1.909729e-03	6.371724e+03	6.363156e+03
2.007174e-03	6.371724e+03	6.363156e+03
2.109591e-03	6.371724e+03	6.363156e+03
2.217234e-03	6.371724e+03	6.363156e+03
2.330369e-03	6.371724e+03	6.363156e+03
2.449277e-03	6.371724e+03	6.363156e+03
2.574252e-03	6.371724e+03	6.363156e+03
2.705605e-03	6.371724e+03	6.363156e+03
2.843659e-03	6.371724e+03	6.363156e+03
2.988758e-03	6.371724e+03	6.363156e+03
3.141261e-03	6.371724e+03	6.363156e+03
3.301545e-03	6.371724e+03	6.363156e+03
3.470007e-03	6.371724e+03	6.363156e+03
3.647066e-03	6.371724e+03	6.363156e+03
3.833159e-03	6.371724e+03	6.363156e+03
4.028748e-03	6.371724e+03	6.363156e+03
4.234316e-03	6.371724e+03	6.363156e+03
4.450374e-03	6.371724e+03	6.363156e+03
4.677456e-03	6.371724e+03	6.363156e+03
4.916125e-03	6.371724e+03	6.363156e+03
5.166972e-03	6.371724e+03	6.363156e+03
5.430619e-03	6.371724e+03	6.363156e+03
5.707719e-03	6.371724e+03	6.363156e+03
5.998957e-03	6.371724e+03	6.363156e+03
6.305057e-03	6.371724e+03	6.363156e+03
6.626775e-03	6.371724e+03	6.363156e+03
6.964909e-03	6.371724e+03	6.363156e+03
7.320296e-03	6.371724e+03	6.363156e+03
7.693817e-03	6.371724e+03	6.363156e+03
8.086397e-03	6.371724e+03	6.363156e+03
8.499009e-03	6.371724e+03	6.363156e+03
8.932674e-03	6.371724e+03	6.363156e+03
9.388468e-03	6.371724e+03	6.363156e+03
9.867518e-03	6.371724e+03	6.363156e+03
1.037101e-02	6.371724e+03	6.363156e+03
1.090020e-02	6.371724e+03	6.363156e+03
1.145638e-02	6.371724e+03	6.363156e+03
1.204095e-02	6.371724e+03	6.363156e+03
1.265535e-02	6.371724e+03	6.363156e+03
1.330109e-02	6.371724e+03	6.363156e+03
1.397978e-02	6.371724e+03	6.363156e+03
1.469311e-02	6.371724e+03	6.363156e+03
1.544283e-02	6.371724e+03	6.363156e+03
1.623081e-02	6.371724e+03	6.363156e+03
1.705899e-02	6.371724e+03	6.363156e+03
1.792943e-02	6.371724e+03	6.363156e+03
1.884429e-02	6.371724e+03	6.363156e+03
1.980583e-02	6.371724e+03	6.363156e+03
2.081643e-02	6.371724e+03	6.363156e+03
2.187859e-02	6.371724e+03	6.363156e+03
2.299496e-02	6.371724e+03	6.363156e+03
2.416828e-02	6.371724e+03	6.363156e+03
2.540148e-02	6.371724e+03	6.363156e+03
2.669760e-02	6.371724e+03	6.363156e+03
2.805986e-02	6.371724e+03	6.363156e+03
2.949162e-02	6.371724e+03	6.363156e+03
3.099645e-02	6.371724e+03	6.363156e+03
3.257805e-02	6.371724e+03	6.363156e+03
3.424036e-02	6.371724e+03	6.363156e+03
3.598749e-02	6.371724e+03	6.363156e+03
3.782377e-02	6.371724e+03	6.363156e+03
3.975374e-02	6.371724e+03	6.363156e+03
4.178219e-02	6.371724e+03	6.363156e+03
4.391414e-02	6.371724e+03	6.363156e+03
4.615488e-02	6.371724e+03	6.363156e+03
4.850995e-02	6.371724e+03	6.363156e+03
5.098519e-02	6.371724e+03	6.363156e+03
5.358673e-02	6.371724e+03	6.363156e+03
5.632102e-02	6.371724e+03	6.363156e+03
5.919482e-02	6.371724e+03	6.363156e+03
6.221526e-02	6.371724e+03	6.363156e+03
6.538982e-02	6.371724e+03	6.363156e+03
6.872636e-02	6.371724e+03	6.363156e+03
7.223315e-02	6.371724e+03	6.363156e+03
7.591888e-02	6.371724e+03	6.363156e+03
7.979267e-02	6.371724e+03	6.363156e+03
8.386413e-02	6.371724e+03	6.363156e+03
8.814333e-02	6.371724e+03	6.363156e+03
9.264088e-02	6.371724e+03	6.363156e+03
9.736792e-02	6.371724e+03	6.363156e+03
1.023362e-01	6.172970e+03	6.164402e+03
1.075579e-01	5.765496e+03	5.756930e+03
1.130461e-01	5.384957e+03	5.376392e+03
1.188143e-01	5.029572e+03	5.021008e+03
1.248769e-01	4.697678e+03	4.689116e+03
1.312487e-01	4.388192e+03	4.379631e+03
1.379458e-01	4.099141e+03	4.090581e+03
1.449845e-01	3.829166e+03	3.820607e+03
1.523824e-01	3.688558e+03	3.680001e+03
1.601578e-01	4.792658e+03	4.784103e+03
1.683299e-01	4.933148e+03	4.924594e+03
1.769190e-01	5.078124e+03	5.069571e+03
1.859464e-01	5.228690e+03	5.220140e+03
1.954344e-01	5.383729e+03	5.375180e+03
2.054065e-01	5.417471e+03	5.408924e+03
2.158874e-01	5.344046e+03	5.335503e+03
2.269032e-01	5.271618e+03	5.263078e+03
2.384810e-01	5.200173e+03	5.191636e+03
2.506496e-01	5.129736e+03	5.121203e+03
2.634391e-01	5.060948e+03	5.052418e+03
2.768812e-01	4.993084e+03	4.984556e+03
2.910091e-01	4.926131e+03	4.917606e+03
3.058580e-01	4.797047e+03	4.788526e+03
3.214645e-01	4.576407e+03	4.567892e+03
3.378674e-01	4.365934e+03	4.357425e+03
3.551072e-01	4.165386e+03	4.156883e+03
3.732267e-01	3.974597e+03	3.966100e+03
3.922708e-01	3.792565e+03	3.784074e+03
4.122865e-01	3.578590e+03	3.570107e+03
4.333236e-01	3.352429e+03	3.343956e+03
4.554341e-01	3.140567e+03	3.132104e+03
4.786728e-01	2.942048e+03	2.933595e+03
5.030973e-01	2.846170e+03	2.837727e+03
5.287681e-01	3.611344e+03	3.602916e+03
5.557487e-01	5.149100e+03	5.140687e+03
5.841060e-01	1.021834e+04	1.020994e+04
6.139102e-01	1.402360e+04	1.401522e+04
6.452353e-01	1.248938e+04	1.248102e+04
6.781586e-01	1.112447e+04	1.111613e+04
7.127620e-01	1.001661e+04	1.000830e+04
7.491309e-01	9.191638e+03	9.183345e+03
7.873557e-01	9.319486e+03	9.311216e+03
8.275308e-01	9.019030e+03	9.010788e+03
8.697559e-01	8.215085e+03	8.206876e+03
9.141356e-01	7.767864e+03	7.759689e+03
9.607797e-01	8.407557e+03	8.399414e+03
1.009804e+00	8.401146e+03	8.393038e+03
1.061330e+00	7.522294e+03	7.514232e+03
1.115484e+00	6.735458e+03	6.727443e+03
1.172402e+00	6.031002e+03	6.023036e+03
1.232225e+00	5.400301e+03	5.392385e+03
1.295099e+00	4.835629e+03	4.827767e+03
1.361182e+00	4.330074e+03	4.322268e+03
1.430637e+00	3.877443e+03	3.869699e+03
1.503636e+00	3.470930e+03	3.463252e+03
1.580360e+00	3.085072e+03	3.077466e+03
1.660998e+00	2.742184e+03	2.734655e+03
1.745751e+00	2.437477e+03	2.430030e+03
1.834829e+00	2.166700e+03	2.159339e+03
1.928452e+00	1.926071e+03	1.918801e+03
2.026852e+00	1.710076e+03	1.702902e+03
2.130273e+00	1.513156e+03	1.506080e+03
2.238971e+00	1.338981e+03	1.332008e+03
2.353216e+00	1.184921e+03	1.178054e+03
2.473289e+00	1.048650e+03	1.041895e+03
2.599490e+00	9.281136e+02	9.214727e+02
2.732130e+00	8.214912e+02	8.149689e+02
2.871538e+00	7.271746e+02	7.207749e+02
3.018059e+00	6.434575e+02	6.371842e+02
3.172057e+00	5.676056e+02	5.614623e+02
3.333913e+00	5.007488e+02	4.947391e+02
3.504027e+00	4.418180e+02	4.359452e+02
3.682821e+00	3.898712e+02	3.841382e+02
3.870739e+00	3.440782e+02	3.384879e+02
4.068245e+00	3.035669e+02	2.981219e+02
4.275829e+00	8.142983e+02	8.090008e+02
4.494005e+00	9.897863e+02	9.846386e+02
4.723313e+00	1.016027e+03	1.011031e+03
4.964322e+00	9.002881e+02	8.954459e+02
5.217629e+00	7.939467e+02	7.892600e+02
5.483860e+00	6.996329e+02	6.951027e+02
5.763676e+00	6.165512e+02	6.121783e+02
6.057770e+00	5.429951e+02	5.387795e+02
6.366871e+00	4.768884e+02	4.728296e+02
6.691743e+00	4.188554e+02	4.149523e+02
7.033192e+00	3.679087e+02	3.641596e+02
7.392063e+00	3.231816e+02	3.195843e+02
7.769246e+00	2.839136e+02	2.804652e+02
8.165675e+00	2.491958e+02	2.458932e+02
8.582332e+00	2.184414e+02	2.152810e+02
9.020249e+00	1.915020e+02	1.884798e+02
9.480511e+00	1.679035e+02	1.650152e+02
9.964258e+00	1.472308e+02	1.444719e+02
1.047269e+01	1.288043e+02	1.261699e+02
1.100706e+01	1.126793e+02	1.101651e+02
1.156870e+01	9.858874e+01	9.619055e+01
1.215900e+01	8.627466e+01	8.398867e+01
1.277942e+01	7.551199e+01	7.333461e+01
1.343149e+01	6.610417e+01	6.403203e+01
1.411684e+01	5.787960e+01	5.590950e+01
1.483716e+01	5.068846e+01	4.881732e+01
1.559423e+01	4.432130e+01	4.254616e+01
1.638993e+01	3.874344e+01	3.706136e+01
1.722623e+01	3.387562e+01	3.228364e+01
1.810521e+01	2.962669e+01	2.812182e+01
1.902904e+01	2.591728e+01	2.449653e+01
2.000000e+01	2.267825e+01	2.133858e+01
