# Energie (MeV)	µ/rho (cm²/g)	µen/rho (cm²/g)
1.000000e-03	5.479629e+03	5.471181e+03
1.051025e-03	5.479629e+03	5.471181e+03
1.104654e-03	5.479629e+03	5.471181e+03
1.161020e-03	5.479629e+03	5.471181e+03
1.220261e-03	5.479629e+03	5.471181e+03
1.282526e-03	5.479629e+03	5.471181e+03
1.347967e-03	5.479629e+03	5.471181e+03
1.416748e-03	5.479629e+03	5.471181e+03
1.489038e-03	5.479629e+03	5.471181e+03
1.565017e-03	5.479629e+03	5.471181e+03
1.644872e-03	5.479629e+03	5.471181e+03
1.728802e-03	5.479629e+03	5.471181e+03
1.817015e-03	5.479629e+03	5.471181e+03
1.909729e-03	5.479629e+03	5.471181e+03
2.007174e-03	5.479629e+03	5.471181e+03
2.109591e-03	5.479629e+03	5.471181e+03
2.217234e-03	5.479629e+03	5.471181e+03
2.330369e-03	5.479629e+03	5.471181e+03
2.449277e-03	5.479629e+03	5.471181e+03
2.574252e-03	5.479629e+03	5.471181e+03
2.705605e-03	5.479629e+03	5.471181e+03
2.843659e-03	5.479629e+03	5.471181e+03
2.988758e-03	5.479629e+03	5.471181e+03
3.141261e-03	5.479629e+03	5.471181e+03
3.301545e-03	5.479629e+03	5.471181e+03
3.470007e-03	5.479629e+03	5.471181e+03
3.647066e-03	5.479629e+03	5.471181e+03
3.833159e-03	5.479629e+03	5.471181e+03
4.028748e-03	5.479629e+03	5.471181e+03
4.234316e-03	5.479629e+03	5.471181e+03
4.450374e-03	5.479629e+03	5.471181e+03
4.677456e-03	5.479629e+03	5.471181e+03
4.916125e-03	5.479629e+03	5.471181e+03
5.166972e-03	5.479629e+03	5.471181e+03
5.430619e-03	5.479629e+03	5.471181e+03
5.707719e-03	5.479629e+03	5.471181e+03
5.998957e-03	5.479629e+03	5.471181e+03
6.305057e-03	5.479629e+03	5.471181e+03
6.626775e-03	5.479629e+03	5.471181e+03
6.964909e-03	5.479629e+03	5.471181e+03
7.320296e-03	5.479629e+03	5.471181e+03
7.693817e-03	5.479629e+03	5.471181e+03
8.086397e-03	5.479629e+03	5.471181e+03
8.499009e-03	5.479629e+03	5.471181e+03
8.932674e-03	5.479629e+03	5.471181e+03
9.388468e-03	5.479629e+03	5.471181e+03
9.867518e-03	5.479629e+03	5.471181e+03
1.037101e-02	5.479629e+03	5.471181e+03
1.090020e-02	5.479629e+03	5.471181e+03
1.145638e-02	5.479629e+03	5.471181e+03
1.204095e-02	5.479629e+03	5.471181e+03
1.265535e-02	5.479629e+03	5.471181e+03
1.330109e-02	5.479629e+03	5.471181e+03
1.397978e-02	5.479629e+03	5.471181e+03
1.469311e-02	5.479629e+03	5.471181e+03
1.544283e-02	5.479629e+03	5.471181e+03
1.623081e-02	5.479629e+03	5.471181e+03
1.705899e-02	5.479629e+03	5.471181e+03
1.792943e-02	5.479629e+03	5.471181e+03
1.884429e-02	5.479629e+03	5.471181e+03
1.980583e-02	5.479629e+03	5.471181e+03
2.081643e-02	5.479629e+03	5.471181e+03
2.187859e-02	5.479629e+03	5.471181e+03
2.299496e-02	5.479629e+03	5.471181e+03
2.416828e-02	5.479629e+03	5.471181e+03
2.540148e-02	5.479629e+03	5.471181e+03
2.669760e-02	5.479629e+03	5.471181e+03
2.805986e-02	5.479629e+03	5.471181e+03
2.949162e-02	5.479629e+03	5.471181e+03
3.099645e-02	5.479629e+03	5.471181e+03
3.257805e-02	5.479629e+03	5.471181e+03
3.424036e-02	5.479629e+03	5.471181e+03
3.598749e-02	5.479629e+03	5.471181e+03
3.782377e-02	5.479629e+03	5.471181e+03
3.975374e-02	5.479629e+03	5.471181e+03
4.178219e-02	5.479629e+03	5.471181e+03
4.391414e-02	5.479629e+03	5.471181e+03
4.615488e-02	5.479629e+03	5.471181e+03
4.850995e-02	5.479629e+03	5.471181e+03
5.098519e-02	5.479629e+03	5.471181e+03
5.358673e-02	5.479629e+03	5.471181e+03
5.632102e-02	5.479629e+03	5.471181e+03
5.919482e-02	5.479629e+03	5.471181e+03
6.221526e-02	5.479629e+03	5.471181e+03
6.538982e-02	5.479629e+03	5.471181e+03
6.872636e-02	5.479629e+03	5.471181e+03
7.223315e-02	5.479629e+03	5.471181e+03
7.591888e-02	5.479629e+03	5.471181e+03
7.979267e-02	5.479629e+03	5.471181e+03
8.386413e-02	5.479629e+03	5.471181e+03
8.814333e-02	5.479629e+03	5.471181e+03
9.264088e-02	5.479629e+03	5.471181e+03
9.736792e-02	5.479629e+03	5.471181e+03
1.023362e-01	5.271774e+03	5.263326e+03
1.075579e-01	4.850289e+03	4.841842e+03
1.130461e-01	4.462556e+03	4.454110e+03
1.188143e-01	4.105873e+03	4.097428e+03
1.248769e-01	3.777752e+03	3.769308e+03
1.312487e-01	3.694040e+03	3.685596e+03
1.379458e-01	4.753775e+03	4.745331e+03
1.449845e-01	4.654102e+03	4.645659e+03
1.523824e-01	4.624671e+03	4.616227e+03
1.601578e-01	4.745111e+03	4.736669e+03
1.683299e-01	4.868694e+03	4.860253e+03
1.769190e-01	4.995664e+03	4.987226e+03
1.859464e-01	5.126551e+03	5.118114e+03
1.954344e-01	5.260872e+03	5.252437e+03
2.054065e-01	5.275464e+03	5.267032e+03
2.158874e-01	5.185355e+03	5.176926e+03
2.269032e-01	5.096787e+03	5.088361e+03
2.384810e-01	5.009734e+03	5.001312e+03
2.506496e-01	4.924152e+03	4.915733e+03
2.634391e-01	4.839705e+03	4.831289e+03
2.768812e-01	4.756709e+03	4.748296e+03
2.910091e-01	4.675138e+03	4.666728e+03
3.058580e-01	4.540840e+03	4.532434e+03
3.214645e-01	4.328958e+03	4.320558e+03
3.378674e-01	4.126980e+03	4.118587e+03
3.551072e-01	3.934293e+03	3.925906e+03
3.732267e-01	3.750268e+03	3.741887e+03
3.922708e-01	3.574869e+03	3.566493e+03
4.122865e-01	3.364812e+03	3.356444e+03
4.333236e-01	3.141381e+03	3.133021e+03
4.554341e-01	3.113973e+03	3.105622e+03
4.786728e-01	3.727718e+03	3.719376e+03
5.030973e-01	5.065048e+03	5.056717e+03
5.287681e-01	6.643578e+03	6.635262e+03
5.557487e-01	8.715181e+03	8.706881e+03
5.841060e-01	1.143508e+04	1.142679e+04
6.139102e-01	1.264269e+04	1.263442e+04
6.452353e-01	1.143695e+04	1.142870e+04
6.781586e-01	1.034774e+04	1.033951e+04
7.127620e-01	9.481706e+03	9.473502e+03
7.491309e-01	9.504361e+03	9.496179e+03
7.873557e-01	9.438151e+03	9.429991e+03
8.275308e-01	8.643182e+03	8.635051e+03
8.697559e-01	7.830793e+03	7.822694e+03
9.141356e-01	7.791551e+03	7.783484e+03
9.607797e-01	7.991828e+03	7.983795e+03
1.009804e+00	7.980704e+03	7.972706e+03
1.061330e+00	7.140451e+03	7.132499e+03
1.115484e+00	6.388744e+03	6.380838e+03
1.172402e+00	5.716249e+03	5.708391e+03
1.232225e+00	5.114618e+03	5.106810e+03
1.295099e+00	4.576383e+03	4.568627e+03
1.361182e+00	4.094861e+03	4.087161e+03
1.430637e+00	3.664074e+03	3.656434e+03
1.503636e+00	3.277544e+03	3.269967e+03
1.580360e+00	2.912139e+03	2.904632e+03
1.660998e+00	2.587546e+03	2.580113e+03
1.745751e+00	2.299206e+03	2.291851e+03
1.834829e+00	2.043067e+03	2.035795e+03
1.928452e+00	1.815531e+03	1.808347e+03
2.026852e+00	1.611381e+03	1.604289e+03
2.130273e+00	1.425369e+03	1.418372e+03
2.238971e+00	1.260899e+03	1.254001e+03
2.353216e+00	1.115472e+03	1.108679e+03
2.473289e+00	9.868826e+02	9.801972e+02
2.599490e+00	8.731783e+02	8.666050e+02
2.732130e+00	7.726336e+02	7.661767e+02
2.871538e+00	6.837232e+02	6.773867e+02
3.018059e+00	6.048501e+02	5.986380e+02
3.172057e+00	5.335300e+02	5.274463e+02
3.333913e+00	4.706724e+02	4.647209e+02
3.504027e+00	4.152706e+02	4.094550e+02
3.682821e+00	3.664377e+02	3.607615e+02
3.870739e+00	3.233923e+02	3.178587e+02
4.068245e+00	8.974640e+02	8.920761e+02
4.275829e+00	1.072776e+03	1.067537e+03
4.494005e+00	1.099710e+03	1.094621e+03
4.723313e+00	9.735955e+02	9.686597e+02
4.964322e+00	8.619743e+02	8.571933e+02
5.217629e+00	7.588398e+02	7.542150e+02
5.483860e+00	6.674365e+02	6.629688e+02
5.763676e+00	5.870721e+02	5.827617e+02
6.057770e+00	5.162461e+02	5.120927e+02
6.366871e+00	4.533817e+02	4.493846e+02
6.691743e+00	3.981978e+02	3.943553e+02
7.033192e+00	3.497546e+02	3.460646e+02
7.392063e+00	3.072275e+02	3.036874e+02
7.769246e+00	2.698927e+02	2.664994e+02
8.165675e+00	2.368531e+02	2.336032e+02
8.582332e+00	2.075502e+02	2.044398e+02
9.020249e+00	1.818922e+02	1.789173e+02
9.480511e+00	1.594248e+02	1.565810e+02
9.964258e+00	1.397504e+02	1.370332e+02
1.047269e+01	1.222296e+02	1.196346e+02
1.100706e+01	1.069025e+02	1.044254e+02
1.156870e+01	9.351287e+01	9.114969e+01
1.215900e+01	8.181456e+01	7.956176e+01
1.277942e+01	7.159278e+01	6.944701e+01
1.343149e+01	6.266003e+01	6.061816e+01
1.411684e+01	5.485268e+01	5.291172e+01
1.483716e+01	4.802788e+01	4.618501e+01
1.559423e+01	4.198644e+01	4.023891e+01
1.638993e+01	3.669510e+01	3.504009e+01
1.722623e+01	3.207836e+01	3.051295e+01
1.810521e+01	2.804953e+01	2.657072e+01
1.902904e+01	2.453312e+01	2.313782e+01
2.000000e+01	2.146338e+01	2.014844e+01
