# Energie (MeV)	µ/rho (cm²/g)	µen/rho (cm²/g)
1.000000e-03	3.768355e+03	3.761751e+03
1.051025e-03	3.768355e+03	3.761751e+03
1.104654e-03	3.768355e+03	3.761751e+03
1.161020e-03	3.768355e+03	3.761751e+03
1.220261e-03	3.768355e+03	3.761751e+03
1.282526e-03	3.768355e+03	3.761751e+03
1.347967e-03	3.768355e+03	3.761751e+03
1.416748e-03	3.768355e+03	3.761751e+03
1.489038e-03	3.768355e+03	3.761751e+03
1.565017e-03	3.768355e+03	3.761751e+03
1.644872e-03	3.768355e+03	3.761751e+03
1.728802e-03	3.768355e+03	3.761751e+03
1.817015e-03	3.768355e+03	3.761751e+03
1.909729e-03	3.768355e+03	3.761751e+03
2.007174e-03	3.768355e+03	3.761751e+03
2.109591e-03	3.768355e+03	3.761751e+03
2.217234e-03	3.768355e+03	3.761751e+03
2.330369e-03	3.768355e+03	3.761751e+03
2.449277e-03	3.768355e+03	3.761751e+03
2.574252e-03	3.768355e+03	3.761751e+03
2.705605e-03	3.768355e+03	3.761751e+03
2.843659e-03	3.768355e+03	3.761751e+03
2.988758e-03	3.768355e+03	3.761751e+03
3.141261e-03	3.768355e+03	3.761751e+03
3.301545e-03	3.768355e+03	3.761751e+03
3.470007e-03	3.768355e+03	3.761751e+03
3.647066e-03	3.768355e+03	3.761751e+03
3.833159e-03	3.768355e+03	3.761751e+03
4.028748e-03	3.768355e+03	3.761751e+03
4.234316e-03	3.768355e+03	3.761751e+03
4.450374e-03	3.768355e+03	3.761751e+03
4.677456e-03	3.768355e+03	3.761751e+03
4.916125e-03	3.768355e+03	3.761751e+03
5.166972e-03	3.768355e+03	3.761751e+03
5.430619e-03	3.768355e+03	3.761751e+03
5.707719e-03	3.768355e+03	3.761751e+03
5.998957e-03	3.768355e+03	3.761751e+03
6.305057e-03	3.768355e+03	3.761751e+03
6.626775e-03	3.768355e+03	3.761751e+03
6.964909e-03	3.768355e+03	3.761751e+03
7.320296e-03	3.768355e+03	3.761751e+03
7.693817e-03	3.768355e+03	3.761751e+03
8.086397e-03	3.768355e+03	3.761751e+03
8.499009e-03	3.768355e+03	3.761751e+03
8.932674e-03	3.768355e+03	3.761751e+03
9.388468e-03	3.768355e+03	3.761751e+03
9.867518e-03	3.768355e+03	3.761751e+03
1.037101e-02	3.768355e+03	3.761751e+03
1.090020e-02	3.768355e+03	3.761751e+03
1.145638e-02	3.768355e+03	3.761751e+03
1.204095e-02	3.768355e+03	3.761751e+03
1.265535e-02	3.768355e+03	3.761751e+03
1.330109e-02	3.768355e+03	3.761751e+03
1.397978e-02	3.768355e+03	3.761751e+03
1.469311e-02	3.768355e+03	3.761751e+03
1.544283e-02	3.768355e+03	3.761751e+03
1.623081e-02	3.768355e+03	3.761751e+03
1.705899e-02	3.768355e+03	3.761751e+03
1.792943e-02	3.768355e+03	3.761751e+03
1.884429e-02	3.768355e+03	3.761751e+03
1.980583e-02	3.768355e+03	3.761751e+03
2.081643e-02	3.768355e+03	3.761751e+03
2.187859e-02	3.768355e+03	3.761751e+03
2.299496e-02	3.768355e+03	3.761751e+03
2.416828e-02	3.768355e+03	3.761751e+03
2.540148e-02	3.768355e+03	3.761751e+03
2.669760e-02	3.768355e+03	3.761751e+03
2.805986e-02	3.768355e+03	3.761751e+03
2.949162e-02	3.768355e+03	3.761751e+03
3.099645e-02	3.768355e+03	3.761751e+03
3.257805e-02	3.768355e+03	3.761751e+03
3.424036e-02	3.768355e+03	3.761751e+03
3.598749e-02	3.768355e+03	3.761751e+03
3.782377e-02	3.768355e+03	3.761751e+03
3.975374e-02	3.768355e+03	3.761751e+03
4.178219e-02	3.768355e+03	3.761751e+03
4.391414e-02	3.768355e+03	3.761751e+03
4.615488e-02	3.768355e+03	3.761751e+03
4.850995e-02	3.768355e+03	3.761751e+03
5.098519e-02	3.768355e+03	3.761751e+03
5.358673e-02	3.768355e+03	3.761751e+03
5.632102e-02	3.768355e+03	3.761751e+03
5.919482e-02	3.768355e+03	3.761751e+03
6.221526e-02	3.768355e+03	3.761751e+03
6.538982e-02	3.768355e+03	3.761751e+03
6.872636e-02	3.768355e+03	3.761751e+03
7.223315e-02	3.768355e+03	3.761751e+03
7.591888e-02	3.768355e+03	3.761751e+03
7.979267e-02	3.768355e+03	3.761751e+03
8.386413e-02	3.768355e+03	3.761751e+03
8.814333e-02	3.768355e+03	3.761751e+03
9.264088e-02	3.768355e+03	3.761751e+03
9.736792e-02	3.768355e+03	3.761751e+03
1.023362e-01	3.714797e+03	3.708194e+03
1.075579e-01	3.601956e+03	3.595354e+03
1.130461e-01	3.492548e+03	3.485947e+03
1.188143e-01	3.386469e+03	3.379869e+03
1.248769e-01	3.283619e+03	3.277020e+03
1.312487e-01	4.163450e+03	4.156852e+03
1.379458e-01	9.451880e+03	9.445283e+03
1.449845e-01	1.205262e+04	1.204603e+04
1.523824e-01	1.493994e+04	1.493335e+04
1.601578e-01	1.741984e+04	1.741325e+04
1.683299e-01	2.031157e+04	2.030497e+04
1.769190e-01	2.368404e+04	2.367745e+04
1.859464e-01	2.761887e+04	2.761228e+04
1.954344e-01	3.220761e+04	3.220103e+04
2.054065e-01	3.415196e+04	3.414538e+04
2.158874e-01	3.335122e+04	3.334464e+04
2.269032e-01	3.256926e+04	3.256269e+04
2.384810e-01	3.180564e+04	3.179907e+04
2.506496e-01	3.103500e+04	3.102844e+04
2.634391e-01	2.984453e+04	2.983797e+04
2.768812e-01	3.123350e+04	3.122694e+04
2.910091e-01	3.183693e+04	3.183037e+04
3.058580e-01	3.027774e+04	3.027119e+04
3.214645e-01	2.829346e+04	2.828691e+04
3.378674e-01	2.643925e+04	2.643271e+04
3.551072e-01	2.465212e+04	2.464558e+04
3.732267e-01	2.411762e+04	2.411110e+04
3.922708e-01	2.236566e+04	2.235914e+04
4.122865e-01	2.056992e+04	2.056341e+04
4.333236e-01	1.881766e+04	1.881116e+04
4.554341e-01	1.721485e+04	1.720837e+04
4.786728e-01	1.574904e+04	1.574257e+04
5.030973e-01	1.439239e+04	1.438593e+04
5.287681e-01	1.305185e+04	1.304540e+04
5.557487e-01	1.183672e+04	1.183028e+04
5.841060e-01	1.073644e+04	1.073003e+04
6.139102e-01	9.717727e+03	9.711329e+03
6.452353e-01	8.773749e+03	8.767373e+03
6.781586e-01	7.921277e+03	7.914925e+03
7.127620e-01	7.137708e+03	7.131379e+03
7.491309e-01	6.409727e+03	6.403421e+03
7.873557e-01	5.756055e+03	5.749771e+03
8.275308e-01	5.160628e+03	5.154374e+03
8.697559e-01	4.623281e+03	4.617060e+03
9.141356e-01	4.159162e+03	4.152974e+03
9.607797e-01	3.775866e+03	3.769711e+03
1.009804e+00	3.414230e+03	3.408110e+03
1.061330e+00	3.036933e+03	3.030857e+03
1.115484e+00	2.701395e+03	2.695362e+03
1.172402e+00	2.402994e+03	2.397005e+03
1.232225e+00	2.137617e+03	2.131673e+03
1.295099e+00	1.901609e+03	1.895712e+03
1.361182e+00	1.691718e+03	1.685870e+03
1.430637e+00	1.505052e+03	1.499256e+03
1.503636e+00	1.338767e+03	1.333025e+03
1.580360e+00	1.186159e+03	1.180474e+03
1.660998e+00	1.051005e+03	1.045381e+03
1.745751e+00	9.313089e+02	9.257479e+02
1.834829e+00	8.253004e+02	8.198055e+02
1.928452e+00	7.314132e+02	7.259871e+02
2.026852e+00	3.497180e+03	3.491825e+03
2.130273e+00	3.115529e+03	3.110248e+03
2.238971e+00	3.158933e+03	3.153729e+03
2.353216e+00	2.790985e+03	2.785861e+03
2.473289e+00	2.465945e+03	2.460902e+03
2.599490e+00	2.178806e+03	2.173849e+03
2.732130e+00	1.925148e+03	1.920279e+03
2.871538e+00	1.701065e+03	1.696287e+03
3.018059e+00	1.502391e+03	1.497707e+03
3.172057e+00	1.322362e+03	1.317777e+03
3.333913e+00	1.163947e+03	1.159462e+03
3.504027e+00	1.024550e+03	1.020167e+03
3.682821e+00	9.018839e+02	8.976068e+02
3.870739e+00	7.939403e+02	7.897705e+02
4.068245e+00	6.980858e+02	6.940252e+02
4.275829e+00	6.123651e+02	6.084152e+02
4.494005e+00	5.372036e+02	5.333655e+02
4.723313e+00	4.712990e+02	4.675734e+02
4.964322e+00	4.135097e+02	4.098969e+02
5.217629e+00	3.621876e+02	3.586877e+02
5.483860e+00	3.171683e+02	3.137811e+02
5.763676e+00	2.777715e+02	2.744967e+02
6.057770e+00	2.432032e+02	2.400403e+02
6.366871e+00	2.126301e+02	2.095783e+02
6.691743e+00	1.859235e+02	1.829821e+02
7.033192e+00	1.625926e+02	1.597611e+02
7.392063e+00	1.422094e+02	1.394869e+02
7.769246e+00	1.244000e+02	1.217855e+02
8.165675e+00	1.087522e+02	1.062450e+02
8.582332e+00	9.498206e+01	9.258101e+01
9.020249e+00	8.297025e+01	8.067434e+01
9.480511e+00	7.249085e+01	7.029896e+01
9.964258e+00	6.334703e+01	6.125795e+01
1.047269e+01	5.527412e+01	5.328643e+01
1.100706e+01	4.823409e+01	4.634598e+01
1.156870e+01	4.210036e+01	4.030950e+01
1.215900e+01	3.675558e+01	3.505926e+01
1.277942e+01	3.209767e+01	3.049286e+01
1.343149e+01	2.803783e+01	2.652122e+01
1.411684e+01	2.449881e+01	2.306688e+01
1.483716e+01	2.141338e+01	2.006246e+01
1.559423e+01	1.870458e+01	1.743091e+01
1.638993e+01	1.060483e+02	1.048480e+02
1.722623e+01	9.351786e+01	9.238702e+01
1.810521e+01	8.243040e+01	8.136507e+01
1.902904e+01	7.259760e+01	7.159389e+01
2.000000e+01	6.386168e+01	6.291574e+01
