# Energie (MeV)	µ/rho (cm²/g)	µen/rho (cm²/g)
1.000000e-03	2.169945e+04	2.168877e+04
1.051025e-03	2.169945e+04	2.168877e+04
1.104654e-03	2.169945e+04	2.168877e+04
1.161020e-03	2.169945e+04	2.168877e+04
1.220261e-03	2.169945e+04	2.168877e+04
1.282526e-03	2.169945e+04	2.168877e+04
1.347967e-03	2.169945e+04	2.168877e+04
1.416748e-03	2.169945e+04	2.168877e+04
1.489038e-03	2.169945e+04	2.168877e+04
1.565017e-03	2.169945e+04	2.168877e+04
1.644872e-03	2.169945e+04	2.168877e+04
1.728802e-03	2.169945e+04	2.168877e+04
1.817015e-03	2.169945e+04	2.168877e+04
1.909729e-03	2.169945e+04	2.168877e+04
2.007174e-03	2.169945e+04	2.168877e+04
2.109591e-03	2.169945e+04	2.168877e+04
2.217234e-03	2.169945e+04	2.168877e+04
2.330369e-03	2.169945e+04	2.168877e+04
2.449277e-03	2.169945e+04	2.168877e+04
2.574252e-03	2.169945e+04	2.168877e+04
2.705605e-03	2.169945e+04	2.168877e+04
2.843659e-03	2.169945e+04	2.168877e+04
2.988758e-03	2.169945e+04	2.168877e+04
3.141261e-03	2.169945e+04	2.168877e+04
3.301545e-03	2.169945e+04	2.168877e+04
3.470007e-03	2.169945e+04	2.168877e+04
3.647066e-03	2.169945e+04	2.168877e+04
3.833159e-03	2.169945e+04	2.168877e+04
4.028748e-03	2.169945e+04	2.168877e+04
4.234316e-03	2.169945e+04	2.168877e+04
4.450374e-03	2.169945e+04	2.168877e+04
4.677456e-03	2.169945e+04	2.168877e+04
4.916125e-03	2.169945e+04	2.168877e+04
5.166972e-03	2.169945e+04	2.168877e+04
5.430619e-03	2.169945e+04	2.168877e+04
5.707719e-03	2.169945e+04	2.168877e+04
5.998957e-03	2.169945e+04	2.168877e+04
6.305057e-03	2.169945e+04	2.168877e+04
6.626775e-03	2.169945e+04	2.168877e+04
6.964909e-03	2.169945e+04	2.168877e+04
7.320296e-03	2.169945e+04	2.168877e+04
7.693817e-03	2.169945e+04	2.168877e+04
8.086397e-03	2.169945e+04	2.168877e+04
8.499009e-03	2.169945e+04	2.168877e+04
8.932674e-03	2.169945e+04	2.168877e+04
9.388468e-03	2.169945e+04	2.168877e+04
9.867518e-03	2.169945e+04	2.168877e+04
1.037101e-02	2.169945e+04	2.168877e+04
1.090020e-02	2.169945e+04	2.168877e+04
1.145638e-02	2.169945e+04	2.168877e+04
1.204095e-02	2.169945e+04	2.168877e+04
1.265535e-02	2.169945e+04	2.168877e+04
1.330109e-02	2.169945e+04	2.168877e+04
1.397978e-02	2.169945e+04	2.168877e+04
1.469311e-02	2.169945e+04	2.168877e+04
1.544283e-02	2.169945e+04	2.168877e+04
1.623081e-02	2.169945e+04	2.168877e+04
1.705899e-02	2.169945e+04	2.168877e+04
1.792943e-02	2.169945e+04	2.168877e+04
1.884429e-02	2.169945e+04	2.168877e+04
1.980583e-02	2.169945e+04	2.168877e+04
2.081643e-02	2.169945e+04	2.168877e+04
2.187859e-02	2.169945e+04	2.168877e+04
2.299496e-02	2.169945e+04	2.168877e+04
2.416828e-02	2.169945e+04	2.168877e+04
2.540148e-02	2.169945e+04	2.168877e+04
2.669760e-02	2.169945e+04	2.168877e+04
2.805986e-02	2.169945e+04	2.168877e+04
2.949162e-02	2.169945e+04	2.168877e+04
3.099645e-02	2.169945e+04	2.168877e+04
3.257805e-02	2.169945e+04	2.168877e+04
3.424036e-02	2.169945e+04	2.168877e+04
3.598749e-02	2.169945e+04	2.168877e+04
3.782377e-02	2.169945e+04	2.168877e+04
3.975374e-02	2.169945e+04	2.168877e+04
4.178219e-02	2.169945e+04	2.168877e+04
4.391414e-02	2.169945e+04	2.168877e+04
4.615488e-02	2.169945e+04	2.168877e+04
4.850995e-02	2.169945e+04	2.168877e+04
5.098519e-02	2.169945e+04	2.168877e+04
5.358673e-02	2.169945e+04	2.168877e+04
5.632102e-02	2.169945e+04	2.168877e+04
5.919482e-02	2.169945e+04	2.168877e+04
6.221526e-02	2.169945e+04	2.168877e+04
6.538982e-02	2.169945e+04	2.168877e+04
6.872636e-02	2.169945e+04	2.168877e+04
7.223315e-02	2.169945e+04	2.168877e+04
7.591888e-02	2.169945e+04	2.168877e+04
7.979267e-02	2.169945e+04	2.168877e+04
8.386413e-02	2.169945e+04	2.168877e+04
8.814333e-02	2.169945e+04	2.168877e+04
9.264088e-02	2.169945e+04	2.168877e+04
9.736792e-02	2.169945e+04	2.168877e+04
1.023362e-01	2.151900e+04	2.150832e+04
1.075579e-01	2.113521e+04	2.112453e+04
1.130461e-01	2.075826e+04	2.074759e+04
1.188143e-01	2.038804e+04	2.037737e+04
1.248769e-01	2.002443e+04	2.001376e+04
1.312487e-01	1.974095e+04	1.973027e+04
1.379458e-01	1.946294e+04	1.945227e+04
1.449845e-01	1.918885e+04	1.917818e+04
1.523824e-01	2.089772e+04	2.088705e+04
1.601578e-01	1.986999e+04	1.985932e+04
1.683299e-01	1.889283e+04	1.888216e+04
1.769190e-01	1.796382e+04	1.795315e+04
1.859464e-01	1.708077e+04	1.707010e+04
1.954344e-01	1.624115e+04	1.623049e+04
2.054065e-01	1.545253e+04	1.544187e+04
2.158874e-01	1.471023e+04	1.469957e+04
2.269032e-01	1.400360e+04	1.399295e+04
2.384810e-01	1.333095e+04	1.332030e+04
2.506496e-01	1.269199e+04	1.268135e+04
2.634391e-01	1.210727e+04	1.209663e+04
2.768812e-01	1.154951e+04	1.153887e+04
2.910091e-01	1.255743e+04	1.254680e+04
3.058580e-01	1.195800e+04	1.194738e+04
3.214645e-01	1.135599e+04	1.134538e+04
3.378674e-01	1.089214e+04	1.088153e+04
3.551072e-01	1.034394e+04	1.033334e+04
3.732267e-01	9.823379e+03	9.812789e+03
3.922708e-01	9.329046e+03	9.318464e+03
4.122865e-01	9.480837e+03	9.470266e+03
4.333236e-01	8.899344e+03	8.888786e+03
4.554341e-01	8.353624e+03	8.343078e+03
4.786728e-01	7.841612e+03	7.831078e+03
5.030973e-01	7.351437e+03	7.340916e+03
5.287681e-01	6.828841e+03	6.818338e+03
5.557487e-01	6.343766e+03	6.333282e+03
5.841060e-01	5.894325e+03	5.883860e+03
6.139102e-01	5.458178e+03	5.447737e+03
6.452353e-01	5.034263e+03	5.023849e+03
6.781586e-01	4.644652e+03	4.634264e+03
7.127620e-01	4.280415e+03	4.270053e+03
7.491309e-01	3.936652e+03	3.926319e+03
7.873557e-01	3.620560e+03	3.610255e+03
8.275308e-01	3.319076e+03	3.308808e+03
8.697559e-01	3.038097e+03	3.027871e+03
9.141356e-01	2.785322e+03	2.775137e+03
9.607797e-01	2.562407e+03	2.552263e+03
1.009804e+00	2.352310e+03	2.342208e+03
1.061330e+00	2.140471e+03	2.130422e+03
1.115484e+00	1.947785e+03	1.937788e+03
1.172402e+00	1.772618e+03	1.762675e+03
1.232225e+00	1.613274e+03	1.603385e+03
1.295099e+00	5.827476e+03	5.817646e+03
1.361182e+00	5.648383e+03	5.638614e+03
1.430637e+00	5.474796e+03	5.465093e+03
1.503636e+00	5.283327e+03	5.273692e+03
1.580360e+00	4.679707e+03	4.670147e+03
1.660998e+00	4.811709e+03	4.802229e+03
1.745751e+00	4.289744e+03	4.280348e+03
1.834829e+00	4.069954e+03	4.060647e+03
1.928452e+00	3.642325e+03	3.633112e+03
2.026852e+00	3.399186e+03	3.390072e+03
2.130273e+00	3.024167e+03	3.015156e+03
2.238971e+00	2.690605e+03	2.681704e+03
2.353216e+00	2.393916e+03	2.385129e+03
2.473289e+00	2.130020e+03	2.121352e+03
2.599490e+00	1.895289e+03	1.886747e+03
2.732130e+00	1.686498e+03	1.678088e+03
2.871538e+00	1.500778e+03	1.492505e+03
3.018059e+00	1.334694e+03	1.326564e+03
3.172057e+00	1.181357e+03	1.173377e+03
3.333913e+00	1.045704e+03	1.037879e+03
3.504027e+00	9.256924e+02	9.180283e+02
3.682821e+00	8.195150e+02	8.120173e+02
3.870739e+00	7.255743e+02	7.182482e+02
4.068245e+00	6.418649e+02	6.347154e+02
4.275829e+00	5.668519e+02	5.598833e+02
4.494005e+00	5.006578e+02	4.938738e+02
4.723313e+00	4.422430e+02	4.356468e+02
4.964322e+00	3.906906e+02	3.842846e+02
5.217629e+00	3.446334e+02	3.384194e+02
5.483860e+00	3.039662e+02	2.979457e+02
5.763676e+00	2.681383e+02	2.623126e+02
6.057770e+00	2.364964e+02	2.308666e+02
6.366871e+00	2.083492e+02	2.029159e+02
6.691743e+00	1.835859e+02	1.783492e+02
7.033192e+00	1.617974e+02	1.567568e+02
7.392063e+00	1.426242e+02	1.377785e+02
7.769246e+00	3.367903e+02	3.321379e+02
8.165675e+00	2.964466e+02	2.919852e+02
8.582332e+00	3.565365e+02	3.522636e+02
9.020249e+00	3.638221e+02	3.597349e+02
9.480511e+00	3.214454e+02	3.175408e+02
9.964258e+00	2.840210e+02	2.802958e+02
1.047269e+01	2.495477e+02	2.459981e+02
1.100706e+01	2.191789e+02	2.158008e+02
1.156870e+01	1.925218e+02	1.893104e+02
1.215900e+01	1.691219e+02	1.660717e+02
1.277942e+01	1.485803e+02	1.456858e+02
1.343149e+01	1.305472e+02	1.278022e+02
1.411684e+01	1.147156e+02	1.121140e+02
1.483716e+01	1.008162e+02	9.835151e+01
1.559423e+01	8.842516e+01	8.609093e+01
1.638993e+01	7.752264e+01	7.531268e+01
1.722623e+01	6.797535e+01	6.588383e+01
1.810521e+01	5.961403e+01	5.763544e+01
1.902904e+01	5.229061e+01	5.041971e+01
2.000000e+01	4.587552e+01	4.410736e+01
