# Energie (MeV)	µ/rho (cm²/g)	µen/rho (cm²/g)
1.000000e-03	6.210759e+03	6.197860e+03
1.051025e-03	6.210759e+03	6.197860e+03
1.104654e-03	6.210759e+03	6.197860e+03
1.161020e-03	6.210759e+03	6.197860e+03
1.220261e-03	6.210759e+03	6.197860e+03
1.282526e-03	6.210759e+03	6.197860e+03
1.347967e-03	6.210759e+03	6.197860e+03
1.416748e-03	6.210759e+03	6.197860e+03
1.489038e-03	6.210759e+03	6.197860e+03
1.565017e-03	6.210759e+03	6.197860e+03
1.644872e-03	6.210759e+03	6.197860e+03
1.728802e-03	6.210759e+03	6.197860e+03
1.817015e-03	6.210759e+03	6.197860e+03
1.909729e-03	6.210759e+03	6.197860e+03
2.007174e-03	6.210759e+03	6.197860e+03
2.109591e-03	6.210759e+03	6.197860e+03
2.217234e-03	6.210759e+03	6.197860e+03
2.330369e-03	6.210759e+03	6.197860e+03
2.449277e-03	6.210759e+03	6.197860e+03
2.574252e-03	6.210759e+03	6.197860e+03
2.705605e-03	6.210759e+03	6.197860e+03
2.843659e-03	6.210759e+03	6.197860e+03
2.988758e-03	6.210759e+03	6.197860e+03
3.141261e-03	6.210759e+03	6.197860e+03
3.301545e-03	6.210759e+03	6.197860e+03
3.470007e-03	6.210759e+03	6.197860e+03
3.647066e-03	6.210759e+03	6.197860e+03
3.833159e-03	6.210759e+03	6.197860e+03
4.028748e-03	6.210759e+03	6.197860e+03
4.234316e-03	6.210759e+03	6.197860e+03
4.450374e-03	6.210759e+03	6.197860e+03
4.677456e-03	6.210759e+03	6.197860e+03
4.916125e-03	6.210759e+03	6.197860e+03
5.166972e-03	6.210759e+03	6.197860e+03
5.430619e-03	6.210759e+03	6.197860e+03
5.707719e-03	6.210759e+03	6.197860e+03
5.998957e-03	6.210759e+03	6.197860e+03
6.305057e-03	6.210759e+03	6.197860e+03
6.626775e-03	6.210759e+03	6.197860e+03
6.964909e-03	6.210759e+03	6.197860e+03
7.320296e-03	6.210759e+03	6.197860e+03
7.693817e-03	6.210759e+03	6.197860e+03
8.086397e-03	6.210759e+03	6.197860e+03
8.499009e-03	6.210759e+03	6.197860e+03
8.932674e-03	6.210759e+03	6.197860e+03
9.388468e-03	6.210759e+03	6.197860e+03
9.867518e-03	6.210759e+03	6.197860e+03
1.037101e-02	6.210759e+03	6.197860e+03
1.090020e-02	6.210759e+03	6.197860e+03
1.145638e-02	6.210759e+03	6.197860e+03
1.204095e-02	6.210759e+03	6.197860e+03
1.265535e-02	6.210759e+03	6.197860e+03
1.330109e-02	6.210759e+03	6.197860e+03
1.397978e-02	6.210759e+03	6.197860e+03
1.469311e-02	6.210759e+03	6.197860e+03
1.544283e-02	6.210759e+03	6.197860e+03
1.623081e-02	6.210759e+03	6.197860e+03
1.705899e-02	6.210759e+03	6.197860e+03
1.792943e-02	6.210759e+03	6.197860e+03
1.884429e-02	6.210759e+03	6.197860e+03
1.980583e-02	6.210759e+03	6.197860e+03
2.081643e-02	6.210759e+03	6.197860e+03
2.187859e-02	6.210759e+03	6.197860e+03
2.299496e-02	6.210759e+03	6.197860e+03
2.416828e-02	6.210759e+03	6.197860e+03
2.540148e-02	6.210759e+03	6.197860e+03
2.669760e-02	6.210759e+03	6.197860e+03
2.805986e-02	6.210759e+03	6.197860e+03
2.949162e-02	6.210759e+03	6.197860e+03
3.099645e-02	6.210759e+03	6.197860e+03
3.257805e-02	6.210759e+03	6.197860e+03
3.424036e-02	6.210759e+03	6.197860e+03
3.598749e-02	6.210759e+03	6.197860e+03
3.782377e-02	6.210759e+03	6.197860e+03
3.975374e-02	6.210759e+03	6.197860e+03
4.178219e-02	6.210759e+03	6.197860e+03
4.391414e-02	6.210759e+03	6.197860e+03
4.615488e-02	6.210759e+03	6.197860e+03
4.850995e-02	6.210759e+03	6.197860e+03
5.098519e-02	6.210759e+03	6.197860e+03
5.358673e-02	6.210759e+03	6.197860e+03
5.632102e-02	6.210759e+03	6.197860e+03
5.919482e-02	6.210759e+03	6.197860e+03
6.221526e-02	6.210759e+03	6.197860e+03
6.538982e-02	6.210759e+03	6.197860e+03
6.872636e-02	6.210759e+03	6.197860e+03
7.223315e-02	6.210759e+03	6.197860e+03
7.591888e-02	6.210759e+03	6.197860e+03
7.979267e-02	6.210759e+03	6.197860e+03
8.386413e-02	6.210759e+03	6.197860e+03
8.814333e-02	6.210759e+03	6.197860e+03
9.264088e-02	6.210759e+03	6.197860e+03
9.736792e-02	6.210759e+03	6.197860e+03
1.023362e-01	5.763578e+03	5.750679e+03
1.075579e-01	4.906529e+03	4.893631e+03
1.130461e-01	4.177209e+03	4.164312e+03
1.188143e-01	3.932445e+03	3.919548e+03
1.248769e-01	3.348251e+03	3.335356e+03
1.312487e-01	3.101932e+03	3.089037e+03
1.379458e-01	3.447106e+03	3.434214e+03
1.449845e-01	3.198953e+03	3.186062e+03
1.523824e-01	3.127962e+03	3.115073e+03
1.601578e-01	3.423893e+03	3.411005e+03
1.683299e-01	3.747938e+03	3.735050e+03
1.769190e-01	4.102898e+03	4.090012e+03
1.859464e-01	4.492103e+03	4.479219e+03
1.954344e-01	4.918345e+03	4.905463e+03
2.054065e-01	5.562642e+03	5.549762e+03
2.158874e-01	6.470800e+03	6.457924e+03
2.269032e-01	7.527570e+03	7.514697e+03
2.384810e-01	8.291767e+03	8.278898e+03
2.506496e-01	8.948749e+03	8.935883e+03
2.634391e-01	9.657299e+03	9.644437e+03
2.768812e-01	1.042203e+04	1.040917e+04
2.910091e-01	1.124740e+04	1.123455e+04
3.058580e-01	1.175627e+04	1.174342e+04
3.214645e-01	1.168543e+04	1.167259e+04
3.378674e-01	1.161502e+04	1.160218e+04
3.551072e-01	1.152952e+04	1.151669e+04
3.732267e-01	1.140725e+04	1.139443e+04
3.922708e-01	1.148896e+04	1.147614e+04
4.122865e-01	1.157754e+04	1.156474e+04
4.333236e-01	1.124602e+04	1.123322e+04
4.554341e-01	1.092374e+04	1.091096e+04
4.786728e-01	1.060993e+04	1.059716e+04
5.030973e-01	1.026878e+04	1.025602e+04
5.287681e-01	9.693560e+03	9.680813e+03
5.557487e-01	9.150463e+03	9.137732e+03
5.841060e-01	8.637338e+03	8.624624e+03
6.139102e-01	8.603269e+03	8.590575e+03
6.452353e-01	8.051864e+03	8.039193e+03
6.781586e-01	7.687817e+03	7.675172e+03
7.127620e-01	7.269841e+03	7.257221e+03
7.491309e-01	6.785384e+03	6.772788e+03
7.873557e-01	6.270658e+03	6.258087e+03
8.275308e-01	5.769819e+03	5.757282e+03
8.697559e-01	5.617088e+03	5.604589e+03
9.141356e-01	5.253425e+03	5.240964e+03
9.607797e-01	5.115214e+03	5.102790e+03
1.009804e+00	4.911715e+03	4.899331e+03
1.061330e+00	4.454227e+03	4.441894e+03
1.115484e+00	4.039447e+03	4.027166e+03
1.172402e+00	3.663388e+03	3.651160e+03
1.232225e+00	3.322433e+03	3.310261e+03
1.295099e+00	3.013304e+03	3.001191e+03
1.361182e+00	2.733027e+03	2.720977e+03
1.430637e+00	2.478908e+03	2.466927e+03
1.503636e+00	2.247668e+03	2.235761e+03
1.580360e+00	2.023332e+03	2.011506e+03
1.660998e+00	1.821483e+03	1.809744e+03
1.745751e+00	1.639865e+03	1.628221e+03
1.834829e+00	1.476449e+03	1.464904e+03
1.928452e+00	1.329407e+03	1.317969e+03
2.026852e+00	1.195824e+03	1.184499e+03
2.130273e+00	1.072634e+03	1.061427e+03
2.238971e+00	9.622241e+02	9.511429e+02
2.353216e+00	8.632665e+02	8.523174e+02
2.473289e+00	1.899962e+03	1.889152e+03
2.599490e+00	2.245189e+03	2.234525e+03
2.732130e+00	2.129224e+03	2.118711e+03
2.871538e+00	2.019367e+03	2.009014e+03
3.018059e+00	2.156519e+03	2.146332e+03
3.172057e+00	1.908305e+03	1.898292e+03
3.333913e+00	1.688749e+03	1.678916e+03
3.504027e+00	1.587978e+03	1.578331e+03
3.682821e+00	1.411264e+03	1.401810e+03
3.870739e+00	1.309374e+03	1.300117e+03
4.068245e+00	1.163542e+03	1.154490e+03
4.275829e+00	1.031535e+03	1.022693e+03
4.494005e+00	9.145690e+02	9.059414e+02
4.723313e+00	8.109274e+02	8.025185e+02
4.964322e+00	7.190891e+02	7.109025e+02
5.217629e+00	6.364659e+02	6.285047e+02
5.483860e+00	5.632065e+02	5.554732e+02
5.763676e+00	4.984312e+02	4.909279e+02
6.057770e+00	4.409712e+02	4.336996e+02
6.366871e+00	3.895041e+02	3.824654e+02
6.691743e+00	3.440889e+02	3.372837e+02
7.033192e+00	3.040113e+02	2.974394e+02
7.392063e+00	2.686412e+02	2.623020e+02
7.769246e+00	2.374233e+02	2.313155e+02
8.165675e+00	2.096842e+02	2.038062e+02
8.582332e+00	1.849884e+02	1.793380e+02
9.020249e+00	1.632324e+02	1.578074e+02
9.480511e+00	1.440638e+02	1.388617e+02
9.964258e+00	1.271724e+02	1.221905e+02
1.047269e+01	1.121331e+02	1.073685e+02
1.100706e+01	9.888469e+01	9.433412e+01
1.156870e+01	8.722231e+01	8.288208e+01
1.215900e+01	7.695424e+01	7.282031e+01
1.277942e+01	1.650531e+02	1.611211e+02
1.343149e+01	1.446085e+02	1.408737e+02
1.411684e+01	1.267281e+02	1.231855e+02
1.483716e+01	1.536490e+02	1.502935e+02
1.559423e+01	1.566788e+02	1.535048e+02
1.638993e+01	1.381583e+02	1.351596e+02
1.722623e+01	1.218369e+02	1.190069e+02
1.810521e+01	1.074531e+02	1.047846e+02
1.902904e+01	9.477650e+01	9.226190e+01
2.000000e+01	8.360422e+01	8.123582e+01
