# Energie (MeV)	µ/rho (cm²/g)	µen/rho (cm²/g)
1.000000e-03	6.586639e+04	6.586087e+04
1.051025e-03	6.586639e+04	6.586087e+04
1.104654e-03	6.586639e+04	6.586087e+04
1.161020e-03	6.586639e+04	6.586087e+04
1.220261e-03	6.586639e+04	6.586087e+04
1.282526e-03	6.586639e+04	6.586087e+04
1.347967e-03	6.586639e+04	6.586087e+04
1.416748e-03	6.586639e+04	6.586087e+04
1.489038e-03	6.586639e+04	6.586087e+04
1.565017e-03	6.586639e+04	6.586087e+04
1.644872e-03	6.586639e+04	6.586087e+04
1.728802e-03	6.586639e+04	6.586087e+04
1.817015e-03	6.586639e+04	6.586087e+04
1.909729e-03	6.586639e+04	6.586087e+04
2.007174e-03	6.586639e+04	6.586087e+04
2.109591e-03	6.586639e+04	6.586087e+04
2.217234e-03	6.586639e+04	6.586087e+04
2.330369e-03	6.586639e+04	6.586087e+04
2.449277e-03	6.586639e+04	6.586087e+04
2.574252e-03	6.586639e+04	6.586087e+04
2.705605e-03	6.586639e+04	6.586087e+04
2.843659e-03	6.586639e+04	6.586087e+04
2.988758e-03	6.586639e+04	6.586087e+04
3.141261e-03	6.586639e+04	6.586087e+04
3.301545e-03	6.586639e+04	6.586087e+04
3.470007e-03	6.586639e+04	6.586087e+04
3.647066e-03	6.586639e+04	6.586087e+04
3.833159e-03	6.586639e+04	6.586087e+04
4.028748e-03	6.586639e+04	6.586087e+04
4.234316e-03	6.586639e+04	6.586087e+04
4.450374e-03	6.586639e+04	6.586087e+04
4.677456e-03	6.586639e+04	6.586087e+04
4.916125e-03	6.586639e+04	6.586087e+04
5.166972e-03	6.586639e+04	6.586087e+04
5.430619e-03	6.586639e+04	6.586087e+04
5.707719e-03	6.586639e+04	6.586087e+04
5.998957e-03	6.586639e+04	6.586087e+04
6.305057e-03	6.586639e+04	6.586087e+04
6.626775e-03	6.586639e+04	6.586087e+04
6.964909e-03	6.586639e+04	6.586087e+04
7.320296e-03	6.586639e+04	6.586087e+04
7.693817e-03	6.586639e+04	6.586087e+04
8.086397e-03	6.586639e+04	6.586087e+04
8.499009e-03	6.586639e+04	6.586087e+04
8.932674e-03	6.586639e+04	6.586087e+04
9.388468e-03	6.586639e+04	6.586087e+04
9.867518e-03	6.586639e+04	6.586087e+04
1.037101e-02	6.586639e+04	6.586087e+04
1.090020e-02	6.586639e+04	6.586087e+04
1.145638e-02	6.586639e+04	6.586087e+04
1.204095e-02	6.586639e+04	6.586087e+04
1.265535e-02	6.586639e+04	6.586087e+04
1.330109e-02	6.586639e+04	6.586087e+04
1.397978e-02	6.586639e+04	6.586087e+04
1.469311e-02	6.586639e+04	6.586087e+04
1.544283e-02	6.586639e+04	6.586087e+04
1.623081e-02	6.586639e+04	6.586087e+04
1.705899e-02	6.586639e+04	6.586087e+04
1.792943e-02	6.586639e+04	6.586087e+04
1.884429e-02	6.586639e+04	6.586087e+04
1.980583e-02	6.586639e+04	6.586087e+04
2.081643e-02	6.586639e+04	6.586087e+04
2.187859e-02	6.586639e+04	6.586087e+04
2.299496e-02	6.586639e+04	6.586087e+04
2.416828e-02	6.586639e+04	6.586087e+04
2.540148e-02	6.586639e+04	6.586087e+04
2.669760e-02	6.586639e+04	6.586087e+04
2.805986e-02	6.586639e+04	6.586087e+04
2.949162e-02	6.586639e+04	6.586087e+04
3.099645e-02	6.586639e+04	6.586087e+04
3.257805e-02	6.586639e+04	6.586087e+04
3.424036e-02	6.586639e+04	6.586087e+04
3.598749e-02	6.586639e+04	6.586087e+04
3.782377e-02	6.586639e+04	6.586087e+04
3.975374e-02	6.586639e+04	6.586087e+04
4.178219e-02	6.586639e+04	6.586087e+04
4.391414e-02	6.586639e+04	6.586087e+04
4.615488e-02	6.586639e+04	6.586087e+04
4.850995e-02	6.586639e+04	6.586087e+04
5.098519e-02	6.586639e+04	6.586087e+04
5.358673e-02	6.586639e+04	6.586087e+04
5.632102e-02	6.586639e+04	6.586087e+04
5.919482e-02	6.586639e+04	6.586087e+04
6.221526e-02	6.586639e+04	6.586087e+04
6.538982e-02	6.586639e+04	6.586087e+04
6.872636e-02	6.586639e+04	6.586087e+04
7.223315e-02	6.586639e+04	6.586087e+04
7.591888e-02	6.586639e+04	6.586087e+04
7.979267e-02	6.586639e+04	6.586087e+04
8.386413e-02	6.586639e+04	6.586087e+04
8.814333e-02	6.586639e+04	6.586087e+04
9.264088e-02	6.586639e+04	6.586087e+04
9.736792e-02	6.586639e+04	6.586087e+04
1.023362e-01	6.454392e+04	6.453840e+04
1.075579e-01	6.178350e+04	6.177799e+04
1.130461e-01	5.914115e+04	5.913564e+04
1.188143e-01	5.661182e+04	5.660631e+04
1.248769e-01	5.419068e+04	5.418517e+04
1.312487e-01	5.191584e+04	5.191033e+04
1.379458e-01	4.973733e+04	4.973182e+04
1.449845e-01	5.001489e+04	5.000938e+04
1.523824e-01	4.766442e+04	4.765891e+04
1.601578e-01	4.490562e+04	4.490012e+04
1.683299e-01	4.230653e+04	4.230102e+04
1.769190e-01	3.985787e+04	3.985236e+04
1.859464e-01	3.755087e+04	3.754537e+04
1.954344e-01	3.537743e+04	3.537193e+04
2.054065e-01	3.300981e+04	3.300431e+04
2.158874e-01	3.054443e+04	3.053893e+04
2.269032e-01	2.826322e+04	2.825772e+04
2.384810e-01	2.615240e+04	2.614691e+04
2.506496e-01	2.419928e+04	2.419379e+04
2.634391e-01	2.239235e+04	2.238685e+04
2.768812e-01	2.072037e+04	2.071487e+04
2.910091e-01	1.917326e+04	1.916777e+04
3.058580e-01	1.764408e+04	1.763859e+04
3.214645e-01	1.609658e+04	1.609109e+04
3.378674e-01	1.468485e+04	1.467937e+04
3.551072e-01	1.339721e+04	1.339173e+04
3.732267e-01	1.222306e+04	1.221758e+04
3.922708e-01	1.115184e+04	1.114637e+04
4.122865e-01	1.014075e+04	1.013528e+04
4.333236e-01	9.201604e+03	9.196143e+03
4.554341e-01	8.349560e+03	8.344104e+03
4.786728e-01	7.576684e+03	7.571234e+03
5.030973e-01	6.864639e+03	6.859195e+03
5.287681e-01	6.151185e+03	6.145750e+03
5.557487e-01	5.512020e+03	5.506593e+03
5.841060e-01	4.939601e+03	4.934182e+03
6.139102e-01	4.427793e+03	4.422384e+03
6.452353e-01	3.970236e+03	3.964840e+03
6.781586e-01	3.559766e+03	3.554382e+03
7.127620e-01	3.194931e+03	3.189561e+03
7.491309e-01	2.872559e+03	2.867202e+03
7.873557e-01	2.582767e+03	2.577422e+03
8.275308e-01	2.297154e+03	2.291827e+03
8.697559e-01	2.032760e+03	2.027453e+03
9.141356e-01	1.805101e+03	1.799814e+03
9.607797e-01	1.616838e+03	1.611571e+03
1.009804e+00	1.518242e+03	1.512996e+03
1.061330e+00	8.131472e+03	8.126254e+03
1.115484e+00	7.795192e+03	7.790003e+03
1.172402e+00	7.492723e+03	7.487563e+03
1.232225e+00	7.808896e+03	7.803767e+03
1.295099e+00	6.913029e+03	6.907932e+03
1.361182e+00	6.119997e+03	6.114934e+03
1.430637e+00	5.417995e+03	5.412969e+03
1.503636e+00	4.796368e+03	4.791383e+03
1.580360e+00	4.242599e+03	4.237657e+03
1.660998e+00	3.752819e+03	3.747923e+03
1.745751e+00	3.319633e+03	3.314787e+03
1.834829e+00	2.936499e+03	2.931707e+03
1.928452e+00	2.597635e+03	2.592898e+03
2.026852e+00	2.293997e+03	2.289319e+03
2.130273e+00	2.016465e+03	2.011848e+03
2.238971e+00	1.772560e+03	1.768007e+03
2.353216e+00	1.558206e+03	1.553721e+03
2.473289e+00	1.369821e+03	1.365406e+03
2.599490e+00	1.204257e+03	1.199916e+03
2.732130e+00	1.058747e+03	1.054483e+03
2.871538e+00	9.308617e+02	9.266774e+02
3.018059e+00	8.180750e+02	8.139738e+02
3.172057e+00	7.165101e+02	7.124950e+02
3.333913e+00	6.275935e+02	6.236677e+02
3.504027e+00	5.497481e+02	5.459146e+02
3.682821e+00	4.815932e+02	4.778550e+02
3.870739e+00	4.219207e+02	4.182804e+02
4.068245e+00	3.693889e+02	3.658494e+02
4.275829e+00	3.229456e+02	3.195093e+02
4.494005e+00	2.823697e+02	2.790388e+02
4.723313e+00	2.469178e+02	2.436945e+02
4.964322e+00	2.159409e+02	2.128271e+02
5.217629e+00	1.886300e+02	1.856273e+02
5.483860e+00	1.647587e+02	1.618682e+02
5.763676e+00	1.439279e+02	1.411502e+02
6.057770e+00	1.257082e+02	1.230434e+02
6.366871e+00	1.096640e+02	1.071119e+02
6.691743e+00	9.568341e+01	9.324311e+01
7.033192e+00	8.349984e+01	8.117007e+01
7.392063e+00	7.288117e+01	7.066023e+01
7.769246e+00	6.362539e+01	6.151120e+01
8.165675e+00	5.552977e+01	5.351993e+01
8.582332e+00	4.844179e+01	4.653350e+01
9.020249e+00	4.226905e+01	4.045907e+01
9.480511e+00	3.689286e+01	3.517759e+01
9.964258e+00	2.351371e+02	2.335126e+02
1.047269e+01	2.079759e+02	2.064382e+02
1.100706e+01	1.834988e+02	1.820437e+02
1.156870e+01	1.615523e+02	1.601759e+02
1.215900e+01	1.419662e+02	1.406642e+02
1.277942e+01	1.245604e+02	1.233291e+02
1.343149e+01	1.091518e+02	1.079872e+02
1.411684e+01	9.555863e+01	9.445702e+01
1.483716e+01	8.360437e+01	8.256213e+01
1.559423e+01	7.311851e+01	7.213213e+01
1.638993e+01	6.392765e+01	6.299392e+01
1.722623e+01	5.587162e+01	5.498756e+01
1.810521e+01	4.881043e+01	4.797334e+01
1.902904e+01	4.262174e+01	4.182910e+01
2.000000e+01	3.719852e+01	3.644801e+01
